1116
6228
24776
14534
8559
18295
24450
14956
15421
19471
13817
24709
19127
9872
31716
22715
9582
26782
27238
28022
19390
14450
25059
17498
14405
9086
529
26129
22938
1108
2130
29514
828
32708
26689
11009
27337
23876
21130
9729
1393
16022
7680
27560
22953
31396
18153
17387
6436
8111
30876
27289
5887
24744
21839
2020
28220
29150
28714
4637
27761
6362
11680
31935
5313
29575
32254
22703
20236
14999
9796
18882
5987
801
2869
30080
16831
17295
12970
20264
9714
8119
28459
25844
18397
16456
27072
4765
20452
14696
32261
15650
26527
17563
7293
31686
20178
20967
10024
21079
15520
13366
31832
24758
24827
27899
9152
11156
6751
23320
20942
25210
13248
20736
13627
18188
16065
22040
17120
6542
24102
5988
29643
11943
5260
19295
10642
4709
27479
3370
11495
23682
1517
29417
31341
6630
29986
25451
20938
28524
24306
28425
15102
23017
20086
12240
30195
12139
16401
29922
2132
17854
15851
15641
23971
25141
8352
17646
11654
22182
18489
11161
7266
28599
24923
29562
18987
6232
2750
25016
17275
22161
28385
296
2273
1406
9724
19568
8315
28824
29751
17260
26055
13365
14361
28624
2998
1875
7491
7439
1282
21137
26462
18300
18114
14462
26962
1711
6460
29462
31928
30507
27386
10890
3475
26430
23072
10560
3642
19240
26620
4379
26521
15487
2783
30204
14745
2257
4651
393
32733
5004
4270
1069
28335
3867
16686
5983
7226
20818
6469
13608
18937
18188
32368
26847
25199
19218
20834
32056
32537
25663
17310
19325
2721
12002
11076
4122
21332
30052
18731
26719
8662
15403
13617
23938
10260
17597
25807
8419
23675
19497
32753
23956
5480
2211
30724
17177
30943
10862
5456
11628
5247
25599
28296
3653
12725
15711
32415
31639
14897
14033
19678
1886
16534
32437
23348
17560
374
16044
20173
7569
28797
17405
1765
24420
9708
1847
5599
7871
16457
22296
20625
23014
3669
10926
26595
31739
5439
24252
16536
9596
18199
25183
32107
24077
32133
5873
28510
4984
3259
26414
24655
2546
680
22933
27596
8608
26223
8721
23080
5465
3095
30425
12750
5806
20612
11413
29398
27431
20902
24002
12502
28368
30448
8535
32507
8180
24076
5289
25176
6185
32717
15500
15997
5772
8549
443
28748
32590
26072
19578
2824
29808
5040
889
27567
27594
25331
29180
5770
26194
26450
22841
4866
11419
27299
12545
14773
13468
19345
23459
10441
5299
13458
20750
21120
10218
16154
1333
23053
18296
22287
3512
12967
15755
29308
19136
13531
21828
29065
5930
7718
11267
15019
17385
11971
10214
26392
25253
22978
14220
4990
9128
15194
16159
10484
19195
18816
22161
12849
204
29368
15653
4347
275
7980
9778
10211
28278
18427
17188
19504
19561
6355
11971
5145
25753
20418
7608
21815
7051
20297
30796
26425
30848
5811
16756
32474
25757
5284
28427
13584
25928
2037
5982
3718
21973
25279
6125
5965
25698
25526
6512
26319
22015
22969
5401
8196
22035
17831
16153
16872
21755
20083
31333
23596
14835
15227
14778
31787
27706
26901
29150
26145
30577
27499
298
28311
20292
21386
12357
2082
30285
19125
12338
22861
3125
30719
14733
28372
1821
25625
12561
24083
7228
20328
30046
27581
7113
11866
14841
2769
17435
16379
5013
18378
20495
29379
6545
29719
17578
2994
16577
9674
16895
17312
21361
24468
23379
20174
10919
29937
14976
704
3241
32416
4759
3663
21695
29526
9673
30714
18490
14515
25224
22141
15541
16501
23529
30629
29595
1516
8525
26978
20202
32686
14656
6430
17206
22923
17313
32077
10992
2755
1796
32069
24296
7287
27988
2896
14353
13406
13245
9472
24196
14265
20936
11715
2504
6793
23496
22455
5713
12031
25718
3776
5190
2356
8664
6615
13192
19226
22887
26277
12527
27827
22384
13136
10455
21632
30139
2709
29403
21565
30059
17943
27360
24011
12325
2806
19286
1134
25716
29860
31930
7736
8556
25076
32351
6597
5518
6260
19567
23593
17644
12797
26412
15143
27278
2184
24444
26532
2323
5187
3237
23642
28315
28645
20309
9425
12261
30526
1509
4235
24245
13330
5598
9855
32633
3367
11965
27850
555
27549
10739
22688
17017
19070
11312
31368
21284
25750
27617
15049
6310
29829
16632
14879
30487
15122
25067
10931
5969
16322
29183
13642
1875
32682
17606
16061
14819
32385
31462
8617
10616
28153
23581
12391
8790
24399
4738
4927
30715
13089
11022
22232
10682
15233
32602
16115
15014
17479
27818
12633
16561
30123
31787
19730
28437
17683
24697
472
8179
26665
27748
15308
8506
32305
26356
30567
18635
25498
24747
20914
5083
25554
28169
26810
21912
15711
27478
8254
14607
11308
11675
7852
6733
28192
17650
5708
31428
30197
13311
11962
5361
16456
16575
8857
21308
32492
17024
25990
11808
3716
4401
26187
13707
27217
31196
16725
18824
4680
23665
30569
17947
5992
22213
31890
9836
16970
8410
13150
25384
2042
32353
10313
4133
16645
27005
8570
32069
22227
23242
22189
24220
23351
21150
25969
16341
15941
1935
21907
18129
5732
24117
16858
2450
11940
3633
30964
31576
20305
6253
10929
13577
29896
29350
30063
7382
26761
3112
26582
12572
28814
4057
19141
31368
2267
1913
18315
27007
23383
17448
15963
8893
27098
12329
24826
32572
7815
28133
26043
17239
13916
26675
26285
20783
14855
14294
16659
23118
30971
583
2324
21642
15044
13750
26036
13868
6807
17995
26883
15698
16686
20657
14484
18066
28883
17877
6705
30432
6074
1003
14541
15538
23699
179
13754
27746
22880
26874
23069
31699
30852
22883
31902
8535
10269
5223
28516
22992
22420
22939
2624
6678
29555
16945
9512
12185
21366
18114
5864
5192
20196
21067
3092
14769
27423
1653
19009
3945
22650
5401
13172
18606
12620
21251
7643
9547
12099
26614
21435
16828
19194
16369
20394
12947
31181
8625
2302
28442
32236
3703
25733
20282
31918
20235
7543
8347
20264
20993
15016
5901
16639
16187
25602
7207
12666
25775
11315
16941
19163
24682
8867
24119
17392
11221
16809
3472
24549
27704
3326
10845
8284
11388
29810
29567
23999
25653
20189
27578
14805
28640
345
13334
8340
24168
9902
25989
19255
14320
19214
11719
31120
8652
4099
13195
21918
976
19621
1495
13666
4814
32272
6825
12015
25690
7189
8415
12993
28624
9776
10580
8271
8345
31930
27468
2275
23977
23136
10258
5290
10828
468
29151
15879
17443
29634
23038
22317
25193
16646
18990
3565
31355
19740
3400
25036
11672
5336
19233
16473
17381
19799
31666
15294
22708
28469
5494
3988
7173
512
31508
26620
19789
15341
27710
7915
21367
18890
32217
25541
5673
21300
23902
302
31816
3850
25472
13597
13246
31778
14863
20273
9851
4666
6428
2377
16569
32561
24414
20047
27781
17527
2516
25428
26235
18626
20140
9954
20433
12802
24420
23181
8599
7064
5679
10956
25916
31938
4762
26887
22101
21338
2415
11249
20890
26305
19417
18968
13617
14102
18890
25275
5680
27819
5018
26843
28509
23481
7921
25748
11576
28754
21222
24238
15163
5784
8040
10864
30304
29485
9181
436
10468
32746
10506
10049
29514
24788
29235
852
18084
1355
10627
28288
21518
27013
27566
7864
5499
3131
14036
27307
21428
27810
16553
22352
19869
9373
30675
9153
25786
29489
13459
18252
29427
19257
23720
5575
11668
14939
32368
32293
14744
15418
10065
5959
21799
19949
31063
28436
14941
21937
17438
20428
8013
13018
9459
28569
30534
2576
29238
15976
22869
8631
30210
17910
12298
25263
15377
20526
5759
20798
30425
18354
1687
4682
16379
1720
15492
20684
14302
2071
29580
6017
18583
11937
24588
29411
4109
5812
2749
28503
13658
9740
28982
18344
11636
19931
4018
22452
13068
13084
14356
10085
30134
12580
23080
8675
17483
27258
8492
19720
13963
23528
2703
5397
6663
9682
23032
163
9791
32711
3722
24796
15367
2646
15719
20970
13359
29475
30066
8112
354
7994
4186
25272
10575
20386
5332
26989
22791
29750
3623
16779
6310
8368
31982
30163
25142
22535
17689
21507
8144
8699
15670
20229
21764
7917
17135
20839
30588
3573
30931
5131
15067
31023
4441
19744
21483
31829
19233
19280
30456
22931
638
20795
5495
20630
31794
17701
7916
27623
19832
2283
18698
14455
1352
3644
8987
7035
31446
31493
30882
14969
25948
29229
18239
10659
8473
21635
19412
21605
17817
3573
27366
21562
28984
17154
30790
10691
28130
29298
8688
3098
4892
24388
563
16996
2376
22248
7442
15269
21028
10158
19691
22745
14997
23423
25174
7488
6563
2763
31568
14585
196
23490
21913
8658
16733
455
8282
11871
27526
20769
4363
26441
10766
15092
16276
745
8126
17776
3506
16149
10722
21577
7581
3386
11270
21863
7144
17579
18686
9694
24744
20281
11561
17184
11224
1028
19958
7282
252
9361
17062
6300
26117
12316
6740
9189
2421
303
21299
23102
5059
26995
22296
8638
10241
16327
8504
18766
22460
5263
28978
32678
3620
78
12112
13944
13932
16504
26121
17898
8564
5761
29899
25674
28326
7482
24568
17917
31774
2141
25135
31161
8717
614
8908
21749
15711
7333
13746
1181
19867
1426
18504
5641
10763
31072
8129
3120
4638
8405
19617
21785
7434
21080
14204
13203
19637
26956
27393
28966
18390
10140
16184
27721
32599
21911
18952
22229
17151
5119
14588
14522
2381
5212
30791
2801
28327
11158
19205
32434
12212
29379
14531
17638
8966
27198
29762
27103
30204
21241
8056
6471
12518
12820
4312
24150
18027
12974
32211
13384
12840
23035
11935
31503
27290
16790
7991
9285
10814
19481
12707
11364
21494
2028
21881
13369
30383
13402
18596
20118
13377
7402
21860
22088
3990
16108
12694
24648
26127
27986
25398
7734
6179
26305
20002
17666
9546
4584
20256
19437
16153
21521
2083
6064
6062
13813
16842
26106
28494
19157
1578
3360
9549
3526
22733
25616
20526
10573
12282
26248
8460
23851
4919
27013
5689
30330
781
29693
16676
3577
3595
4048
9088
165
14094
9981
26530
22153
4287
16657
30763
3030
12892
13542
15080
28726
27068
8841
29430
4190
20109
18812
3626
24034
6881
3870
25007
2382
27881
18791
6641
17010
22015
8664
25018
21245
23274
9394
1179
18254
18782
20583
4238
6534
1731
14670
15065
4834
15415
5530
3126
22344
982
17805
6192
20255
31545
11241
17360
25444
24380
27304
24441
16378
5381
22508
6161
4162
17474
16185
865
27116
26289
17122
19391
23053
28902
29121
16106
18545
30793
25899
17461
9522
31326
31523
32232
5257
10569
206
6627
3301
24977
24872
5508
6970
11556
11252
30923
16796
30619
2297
19644
9228
22464
27499
20741
30610
4685
6568
13537
26508
14839
23845
22332
25925
4267
28327
21016
5577
3608
29366
21807
20984
12141
6734
5082
27866
29796
15321
18993
13362
11647
30810
7540
24406
32657
16619
23466
24637
16513
20585
24199
19162
4427
28014
5523
18088
22855
2175
31625
16007
1710
2695
31485
17094
14426
26500
1602
20865
13517
18817
26251
31021
21109
26564
1616
2417
13615
24136
15092
17975
1289
6510
20900
20740
588
10735
25474
15492
6842
5397
13571
32362
25620
29995
9365
13175
8159
32306
27782
27095
11368
15061
15393
26036
1798
5535
27674
5126
17311
620
21036
8104
7533
23581
30720
23729
1282
19088
14673
32257
20362
17616
3406
18714
27473
904
32575
15410
15749
30654
6764
23174
3388
6589
19770
4848
8120
9299
1944
29884
27114
4157
6297
9912
31542
25568
3938
21642
1398
11066
9031
1606
9793
11287
26417
5696
21869
10888
19523
14623
7378
20881
14269
19507
32081
5154
12320
24073
9494
6728
26003
9532
23321
3749
6533
22925
17387
24606
10644
9014
25519
19411
16813
5244
358
17236
31093
24964
20337
786
24808
19047
32080
27923
16448
27528
5808
31722
3865
26662
21413
25063
26322
9005
15924
10379
29750
31314
20756
25662
11356
14174
29621
20548
18635
11210
30594
26350
20194
10893
31332
18957
9848
21554
21127
4012
959
26925
26464
18175
10350
5743
7151
18838
16415
28728
11841
11478
23541
3885
12346
26538
20867
938
32145
118
233
4953
21276
22349
17984
29956
27470
24675
6713
32423
17406
25285
9728
31178
29033
3911
20071
4621
8827
958
31296
4613
14922
3696
6154
25158
8932
17865
9937
32449
15690
18512
17999
22097
4796
14553
4695
18576
11063
19195
19828
13807
11581
29636
7885
22022
10964
4780
26443
18472
16337
9928
29182
4667
25942
25664
957
454
7834
15875
3597
9036
25320
14265
2373
17369
26859
5114
14831
12506
14120
12989
25968
10801
7628
13331
14828
14985
32168
13077
28004
27111
122
11546
22561
32386
9838
26926
3670
16341
19684
29632
15617
28658
4724
667
19986
28441
15407
21784
6095
15753
40
25745
7031
20374
22836
31000
5925
26620
18413
30313
28408
27763
9469
29982
12657
26756
26777
31778
15132
12954
2891
28264
15731
26460
25589
221
11519
12090
10003
19611
23232
582
27456
20831
15567
24134
22268
31805
10818
8967
23468
1682
3664
2292
8674
16699
22198
26086
2783
8196
8536
13374
27478
6499
27948
4146
25459
11879
21076
8036
30748
12011
1418
5817
20855
3599
10945
21096
17068
23273
15113
13393
32492
12663
436
15505
8114
14296
29879
4179
24648
31676
27731
25320
12942
17434
32244
29979
4343
11041
32345
7870
12756
5232
28405
5769
32725
21385
23189
27685
31692
5763
25924
26755
27573
26880
4971
18546
31476
25439
3133
1393
12253
23091
23378
8385
23161
8691
30098
9407
24711
15091
1365
20593
2754
31122
16841
8543
14178
32437
21907
12196
5605
5237
6329
4164
20495
17173
8639
12736
17456
12855
29200
26344
13477
10831
16800
5105
4257
19031
11728
12743
14894
17861
20370
7076
28014
16058
31949
23266
11559
4220
14595
25870
22654
7718
6449
61
19971
31134
7926
16803
16366
30408
20216
23137
7592
32505
1668
9887
13966
14511
21620
13019
31217
22399
22870
11136
30817
10318
29386
27323
2603
11716
13868
6282
16160
24830
32371
4374
31640
27267
4441
1346
26295
26490
8125
2436
3567
3866
9541
1780
25030
19553
27463
17058
28634
8201
13034
28461
32290
24248
19080
31889
27510
8055
4695
6721
31058
28261
13385
8054
25303
6060
4912
19910
25874
7861
13606
8696
7297
13720
11564
10007
23507
18647
18449
32709
24560
29515
150
6610
1337
28254
32463
16397
25105
21115
9932
32346
27292
15299
31353
3077
454
9986
21187
12374
7048
6881
13308
21862
21607
29021
16769
15664
8765
21879
5274
3307
571
18733
31393
8856
18479
18346
24167
26839
29443
22458
24787
7422
10886
8832
25804
15212
19056
25195
4697
1563
7840
15974
5383
22901
13479
25935
6540
17257
26250
32171
20137
4285
708
15768
27989
17574
13707
16130
3095
11926
5972
25626
16820
4693
1177
24580
23306
5715
8922
14288
10300
27709
14050
20396
9487
26574
12363
22616
148
30696
3652
12506
18440
13795
402
4210
14584
32549
28629
3280
32424
19698
15373
20613
24246
16006
30812
5560
6395
2401
25870
14618
32434
17379
24790
31004
1244
15896
11866
13663
21987
23765
13042
17003
9853
11012
4781
9637
20947
5436
19862
19835
227
917
16949
6626
24866
17850
14680
18690
11878
1343
24339
7215
5124
12853
19717
18716
10549
7676
2525
2891
3263
14425
8733
27080
25553
8904
15902
1303
16430
3604
22868
363
12685
5668
32468
24857
1600
4120
12051
25419
32533
32405
21233
15097
31354
8284
24566
12821
23268
19746
4571
3334
11377
5276
23884
16984
19916
21465
32748
23218
8273
13524
20890
3336
881
19530
15091
27409
8024
18889
29975
12796
17102
28170
30384
4959
22619
15232
12849
2672
13999
5425
2396
4471
20544
16325
6663
19331
1589
30940
18463
30300
8835
6309
10477
14522
15702
29101
13208
8372
4530
25332
23276
26235
1370
20550
29785
18248
26609
29896
4159
3219
11615
17362
10089
4998
10102
19452
16855
26801
726
20604
31424
19455
2829
3247
1495
12521
31235
22005
6606
3817
22166
4034
25624
5682
9857
9714
27124
7326
30594
349
31399
22248
956
10924
5896
12827
30042
3947
29250
24906
3445
7519
28630
29570
12855
10265
17119
1533
10305
19659
4762
26264
31563
18523
18469
14983
23050
29622
27015
32072
26967
23143
9713
27605
21133
8040
30532
12318
4403
9271
31954
24758
17371
9773
29545
10445
1097
17932
28302
11358
2776
11735
14086
31913
8474
18662
29339
12516
10175
16953
31004
30510
13240
15629
31398
12740
1692
31661
23330
29815
26186
26763
26383
30302
6096
13711
17794
19400
395
1455
19306
31860
14480
21696
5145
18949
32075
4491
768
15024
27494
7716
4794
15416
24812
10871
5453
29468
24751
7460
18860
2575
29671
32397
27264
5544
20251
6700
6695
24667
15941
18987
20477
12968
7217
8494
10971
27538
22822
26228
19678
32083
21704
6174
9322
8782
3901
26574
18030
24133
30095
25972
15849
8140
19793
19557
29869
5629
902
9902
6499
3694
25278
15015
9935
28512
29826
30411
28757
8761
4594
20422
22460
565
26541
17616
4147
9048
28913
32314
4753
1447
11780
14918
9953
2199
6610
31804
10014
12998
8919
12730
24379
8681
11071
16972
11878
14085
21580
15676
19854
21219
6393
6572
24355
14014
31709
15585
11293
23870
19537
15074
12863
24490
18133
1346
26525
15193
5296
31802
22364
2921
28375
5627
31673
2740
26640
4161
31052
29184
8791
24620
8078
1654
29569
21580
21146
27734
15647
7418
16944
4584
31653
12015
4607
18102
20684
13327
22308
21240
3380
32390
3822
9040
32078
12822
29412
23735
32121
6063
19977
27831
6507
20289
14174
27100
15059
21454
21929
22629
11068
1475
4213
10046
27957
12168
21082
31027
12463
14422
16510
3678
26278
31049
2908
25057
14340
26806
15556
20443
25538
4030
10019
22420
18512
32291
23045
19963
7223
12379
16344
5203
6653
7139
18675
10025
9032
21974
18391
6537
8007
1982
25268
20593
6222
9898
15919
4742
23744
8321
17762
16390
10034
29589
13092
18174
4557
25723
16523
10173
22772
17947
7344
7560
12583
2051
4530
16271
13352
32513
31486
11808
10588
7152
28877
8219
11635
1234
19694
25766
32076
17439
27845
11553
26642
605
21652
13149
11436
32241
6137
4104
18004
13621
11192
21868
27781
30410
1211
16986
18971
19504
10327
8544
12214
29331
4561
10306
17759
21992
4385
27560
32622
16953
1781
15125
23210
16189
8697
31000
9139
18988
342
17350
19869
25041
24696
359
7134
6369
12309
9584
9066
8843
16491
16818
26396
3408
24777
14288
4952
8213
6224
7926
7407
3447
23547
12744
18242
29022
26077
22681
21931
19669
4522
9182
27672
29721
25209
19170
25337
8943
5576
699
4701
11067
26561
16764
22615
29135
27836
16812
24231
11649
9220
23031
25494
7296
10206
32036
2594
9192
7879
30279
30043
3475
20990
13624
13069
22579
3394
16195
14751
19869
11229
6177
32059
21352
30433
14119
24624
10679
14514
23742
660
3155
10692
23571
13613
27133
6822
11536
5010
9730
32576
23178
2445
6159
16217
8380
18372
15943
28764
20468
27544
21907
23643
18316
24142
19513
31316
7452
12140
17073
15283
17390
28262
3764
21273
18610
18298
29845
22620
30067
26585
2772
28111
29130
27911
31729
19139
13138
25476
6782
20301
21083
6316
31608
1354
5859
17372
2775
12961
20930
19158
20068
24776
22052
9575
19147
32138
10044
9287
16113
30983
11831
8000
10631
1276
3183
20114
19680
22852
24034
21399
9471
8607
32738
13475
1013
30899
12302
20526
18538
5200
6016
2869
25209
1784
5704
16093
6849
15007
25369
10586
20408
2223
21315
26127
7491
4943
24289
12534
8836
17381
13652
31043
23027
4825
30192
1860
14257
31901
24820
14732
537
18410
5312
7504
6295
332
11074
26129
7357
20448
19378
2171
12691
1884
1151
31886
17711
6993
393
27387
6278
22445
29328
18897
31106
644
13804
11352
25429
19216
7039
19005
30988
10742
21481
496
3687
5834
24570
23115
13032
14038
5229
18292
29482
26903
1491
14084
17524
21385
28877
10089
20110
21925
29310
20105
2003
1063
9536
5031
22408
4628
30102
24715
12908
19196
17251
3549
26000
636
9049
28371
873
7432
21683
16396
10020
5607
16167
32187
569
9855
3350
25863
26691
29395
13831
9394
19727
24394
3411
249
26867
29618
10529
28348
30561
28548
13717
27103
17339
29546
2117
2800
30825
25598
2029
8202
25642
27093
15459
19705
10663
12988
6861
30366
3406
22593
25105
32149
21853
3958
7053
3094
28733
1521
5129
31513
21778
4119
24809
4798
21136
3227
17831
10731
16400
8513
3457
26935
17635
13544
11631
13575
10726
19143
16984
758
26966
8951
16261
7803
28902
17457
24918
8390
18959
21210
14388
8170
7336
22844
24518
22849
16310
25879
13928
23308
19589
7768
10457
29019
26616
15144
26163
23085
13853
29992
4129
1239
11268
25595
15180
24746
13266
24838
21526
32464
22289
22643
15243
2935
25418
11132
12436
25138
15574
2022
22894
16795
21489
22731
347
25150
28688
13469
24216
29874
17781
27752
29838
19209
2304
8279
26188
12651
30280
32122
19765
14845
31722
2246
26614
7
545
7006
13756
9815
32663
29713
20899
5344
20603
547
8817
14759
980
19792
12932
20704
4885
7950
17417
30803
14321
20755
30063
4613
21616
25879
2587
14869
8515
18907
11102
21476
5717
29034
13732
29304
16802
7326
26094
8227
76
32743
31618
18783
19947
9544
8672
20221
7717
12194
14073
895
29824
25397
16796
6082
11891
5988
11313
15072
13251
30136
6057
29012
269
10792
23221
26463
16542
26776
310
17067
25995
27551
24565
14127
31999
20621
4245
25426
10703
29869
27078
14163
32340
14279
18363
27624
10361
18409
14557
19493
9235
23143
25281
22176
26481
30241
13143
31187
15924
13060
12901
28609
18017
4820
1844
31965
17333
22312
1674
5671
15673
30902
23767
12952
6422
9168
10419
19392
10921
24111
6536
20910
26330
14832
26252
5648
12970
14812
12787
29339
12
19180
11362
11949
11510
30476
3238
26673
22711
13600
12198
964
9099
31301
29846
26645
3181
28761
10606
2194
24876
30141
7067
833
29889
19033
8436
21995
4064
3553
11503
28288
20429
29527
17941
6839
26481
19922
28595
6901
30381
23165
23507
23664
27630
27618
31082
7828
9218
23145
13011
1958
15402
24091
28796
27815
19056
13740
13280
20603
28730
16057
24245
24138
31520
25422
31334
25383
2043
171
5059
2799
23614
11080
32504
25716
27018
29718
6075
28891
12156
4872
20938
16963
28618
6866
11669
28072
26766
6641
25911
21510
2273
19691
26027
1729
21420
17880
26685
19268
25787
11553
16446
488
19475
32648
12540
29720
13190
28008
24562
19892
644
16190
14139
17842
29748
25449
19533
14859
21443
2350
7907
17109
21245
27903
17467
172
12058
14845
21122
10839
6106
9403
8333
7593
3284
9029
11721
30628
9482
26209
18037
30693
29890
30740
14350
13116
1425
9064
10763
22938
5305
2413
28363
4912
2997
1918
24780
14549
26385
21189
8221
27560
32639
27906
17430
20471
26920
22151
21830
28512
23872
8583
9133
1590
25053
19089
19755
16423
9225
31320
2105
10267
14357
5301
1751
20318
13361
14575
1477
28674
22842
5945
23542
3711
15827
16252
7746
24221
12215
19799
11099
28564
16206
5477
13314
25457
10622
14270
4987
13755
5059
15296
3134
21847
20098
6415
15599
5545
4506
20954
24976
15100
26429
608
13558
9764
14590
2483
1657
25441
13098
12220
22512
8327
29276
27776
6109
20060
12108
13473
19428
28994
23784
28456
16258
25878
27814
30849
2811
6231
11544
22215
1684
651
30401
835
32259
23006
6951
27951
14372
19469
18985
6591
9965
16002
24979
1378
21412
22977
23280
10821
23375
25602
19359
20504
3949
12063
11049
2326
3811
7601
21458
63
27449
886
29038
31976
11782
25847
21110
16246
21161
23143
20315
7015
2106
6605
15386
29330
20417
27750
6161
30127
19109
4932
28689
19993
19815
24380
9908
5331
2703
32767
5873
15049
27111
20103
17645
18009
24552
5813
4372
2578
22898
9272
8553
14524
4032
5808
29978
31384
22682
16659
22104
26601
18124
6224
7781
3250
11992
30003
32751
22978
25576
11657
19356
9966
16646
18564
25318
10910
21135
21089
19753
2699
13285
4935
8954
27078
30053
11635
17339
6141
7833
26258
2412
17914
8366
8302
28356
25452
19752
17613
23425
2538
9428
10390
2812
6453
4862
10806
16640
26813
26853
3906
16604
12903
11628
25950
15031
6798
5394
27229
8996
31048
13860
16298
10487
18666
19762
27878
15702
24014
9663
30162
25107
19283
31548
1904
12857
6694
26168
101
22756
13248
10705
22690
27222
10032
30062
11331
21320
11035
28336
28087
21118
257
6053
802
12446
7617
25919
21247
10818
15200
6661
1034
16460
14342
14601
29789
25210
26185
9498
11225
10298
12974
16442
19911
3007
17005
8019
19903
23380
28533
9765
27593
21744
17840
8067
15299
8203
25992
9663
15363
6577
28586
28515
16189
9941
24074
21537
11686
231
28199
7693
24921
12457
144
31498
8698
11070
4519
8834
922
17795
12197
859
11483
29091
4574
3622
18517
31462
13639
28569
9528
13258
8757
20287
19250
19029
16231
26222
1427
13993
22087
890
10671
30681
11373
19752
7299
4859
22117
23141
23452
2175
10162
29240
3381
13247
25618
2038
23456
18646
5636
18357
8167
25782
11912
18178
8114
25461
21030
11735
25195
28904
30513
27591
24993
1907
14669
19836
6314
20767
1583
1635
14221
7917
1956
678
32031
27243
28373
5467
31851
5508
1225
22267
20823
23708
9259
18453
2181
11997
78
3139
15992
24779
23918
20830
14840
27935
7737
14062
1463
14290
19085
18916
19764
1912
29572
26764
224
10447
6318
8893
1408
28824
29341
27219
29394
4005
18087
10206
9587
27956
10215
1948
10240
31611
18821
4773
14203
14980
17975
26726
26353
23867
264
11344
9818
17606
857
31697
12481
17940
31781
132
9637
28089
17545
29349
20894
13817
3459
8135
27204
25378
6906
18889
16716
31264
12286
29190
13044
1355
4178
25804
21410
7043
15143
6416
8391
23935
17195
14431
14602
23906
26562
25368
24483
9359
21395
1241
20228
19391
9287
19767
7871
22865
8077
8370
16548
23009
14690
5607
22825
26395
20367
21256
30480
4305
15987
24458
28227
23628
13058
15901
23043
19936
24078
25313
2625
12483
27846
22999
24652
4384
27260
12694
24237
7270
28587
32319
28751
23526
16952
2226
10980
32157
19192
32258
4227
8014
1139
13095
5270
20437
18151
20723
26611
15031
5520
31816
20553
12797
20775
20103
3774
2627
29609
12875
6614
32012
14681
30808
11927
1368
23304
14542
31979
27257
15764
21667
29509
27938
15023
11087
28039
19137
26337
22729
19236
2830
30928
4019
12417
19428
13760
25553
30626
32593
1878
6336
5122
20457
7841
18661
28098
8031
18523
30883
30726
21334
22123
27089
1693
25716
17071
17259
9952
25528
28409
24967
32732
27150
9815
24971
32179
9761
17304
16030
19519
31857
8459
4700
25849
28069
13706
19918
13337
14114
695
32409
6399
25052
14470
29813
17874
13164
12796
23265
16999
13668
12086
6934
5732
18143
28844
6713
24229
27740
6071
10196
20958
20940
28753
12423
30850
13033
2076
2299
7140
7626
13991
25880
12445
17332
31468
20344
16429
19508
21021
13595
5605
24170
27552
22876
13060
21672
24152
17955
20000
20028
17190
3165
25031
5001
22703
26793
3687
93
5216
8276
21355
26750
17584
10888
25511
10886
10405
31168
6390
25841
8346
31103
19233
373
23615
5186
3587
2706
10721
21939
6891
32617
19180
32031
26946
6609
29102
5162
14958
15016
19549
24002
7413
28775
16732
12625
10982
19449
16570
5687
1909
30670
20220
13175
24549
17707
11548
26544
29611
9156
16849
7504
26576
14220
10257
12036
27031
204
1748
28787
25696
19058
5660
12075
20172
21164
30002
16347
21282
25014
13874
27588
22257
17137
17097
21098
9719
21556
32318
5007
17474
8038
18607
21857
11157
12877
18334
31475
30733
10401
6060
7914
18436
7269
19363
9849
21302
28791
23738
143
32034
10597
28693
25934
26292
18562
5516
10688
17184
23865
25517
31685
29713
16546
5380
6736
12547
12115
2714
24019
15853
13689
22459
9464
29988
8487
15100
31122
10364
28397
10365
467
7600
25773
18796
4543
10756
20138
5322
28896
12584
4834
25970
10300
2912
3742
12631
27780
5858
29255
17933
30862
30847
3963
11915
27653
20358
19808
9775
608
24806
14136
15618
13840
32146
22838
4414
9214
10282
24464
16909
17204
15831
11222
32660
17626
9847
21634
23600
12389
20474
17104
17151
4107
30987
25296
14243
16762
3827
6585
17218
16073
8891
30336
13009
29615
14737
20649
2707
29427
31854
18782
21212
8227
2805
25278
8731
8585
30109
8567
2071
11867
8978
27799
15993
3378
9433
8095
17035
22205
16179
729
15423
20663
10309
7660
22131
29974
17013
6318
27763
31110
22039
7737
12480
27413
3657
30273
12560
12848
15643
18597
23445
4814
10996
16195
27010
31979
30001
31249
21196
16696
16398
2410
12077
32273
16330
25253
10351
22703
23814
748
25063
22175
30831
13387
31040
27506
4508
10504
1146
3767
21817
24883
12593
28198
22118
3709
26915
4126
30554
27214
8173
31314
17740
12817
11797
12479
19347
15827
23885
8417
8716
25868
2550
19750
15036
9660
32228
19619
12982
16826
26721
29445
10815
17993
6004
13515
26673
12781
22115
7091
19613
11389
5494
24434
22196
1400
16126
30376
16872
27804
23958
13331
32334
6325
30633
17411
2119
20660
17460
7694
25439
2816
7373
16132
15477
5905
20709
16166
30493
1338
15946
6290
10818
16582
21231
12802
20496
4167
23536
438
11536
28715
17873
23727
12949
31632
12807
17950
24664
22362
1465
21276
26975
21378
21959
30363
8227
14000
21516
18845
28145
26637
8672
9124
22929
27474
11233
5993
24870
25382
29428
10192
11093
3494
26246
18716
21417
28485
13336
607
22070
8150
12282
17205
24189
28135
15190
16818
32144
19537
19313
29849
2935
15885
30254
32207
14289
13385
10196
6415
3518
4795
26128
25310
28413
20022
17470
3010
19026
22907
27876
19375
4395
21585
25727
10690
12418
12504
27011
27698
4357
17178
5533
17539
25205
28387
9275
3068
13900
26579
590
9308
11682
14257
2894
20681
15953
32514
6015
6921
21336
9178
16244
6388
19581
25331
30929
9769
8503
30460
28757
26113
10954
18995
17687
8641
22964
26166
2319
22292
23112
5654
10969
2744
27801
28334
11446
13175
29593
12595
19668
20825
32642
15372
719
1304
22389
32227
30327
15316
18017
7932
21460
17160
12071
21701
8295
22717
11260
5039
30131
3069
15630
4925
17660
395
19050
22618
2127
28881
32029
14832
1218
27930
13209
5046
509
20225
5467
6986
6905
21033
2507
2943
3080
15151
5732
6648
8726
6621
26644
27382
12078
31649
3046
30574
10304
8765
6878
6495
20513
4799
23844
12898
5075
4276
10342
8323
31751
22937
32119
30031
22496
13458
10556
9006
1274
10847
27848
5363
30891
31115
28870
25522
28296
6886
2071
7889
24619
27190
1469
23138
10804
18218
10744
30640
654
17039
27310
23576
9204
11206
6928
2587
21171
4726
13947
20657
7857
4222
21148
1247
1710
28718
31960
31115
24778
694
1771
10640
11335
15070
1743
18446
12433
24568
3551
11011
3451
27923
23356
17440
8396
28786
3440
7125
25850
32573
5969
687
11573
4469
31784
27875
25255
23085
5907
11307
9979
28664
29096
31696
28
22942
28123
4872
28991
21267
18210
12675
9507
24233
11991
23105
3479
30340
2013
12454
7230
29262
1414
11216
30863
29997
12724
5160
22303
30706
7743
32567
22051
17300
17815
15804
816
28636
24235
28667
28230
14945
10249
13399
28173
18871
28230
9251
31070
12516
20896
4790
14853
18195
3810
17085
15558
10125
20360
1494
25246
28132
17700
31322
30538
625
5120
23417
4366
2817
20741
6029
7599
21452
5851
8360
16577
17575
30290
11119
26409
13946
17921
20524
13274
15603
5421
16926
10722
14460
17900
4372
14250
17515
4745
10554
1913
21881
555
1330
14651
7286
4274
18022
27009
315
3554
10141
10696
18911
30659
32205
19966
16942
21575
15152
13122
30550
20014
10394
25580
23524
6439
18698
15565
26607
24888
7039
30648
2451
18783
12045
16192
31138
15738
15663
12228
18581
7012
15967
27049
14281
30561
11492
6375
13032
32700
27116
5575
32164
17326
30938
747
27052
24962
1249
3214
10456
24567
25810
11533
4007
14054
4402
6822
23532
19236
16528
17024
21444
25002
7701
29932
20683
19955
20061
9963
2960
24486
13957
27888
15174
21365
14726
4839
23996
19269
24513
30069
15247
4495
7387
130
31902
11270
10186
30453
24766
378
6448
26558
28847
5884
17384
29722
15183
10307
31711
19218
29454
8014
16166
32325
32674
12107
30021
5096
22524
5816
14545
31243
14458
19656
24385
16158
2398
7688
13053
13235
2431
31810
5048
22918
4414
1441
28928
17338
444
1815
21267
19557
13386
32252
26101
17231
32289
23800
15039
31223
7252
6178
13114
20695
7170
15465
19372
10729
4816
5684
14066
25706
15254
11077
207
17886
19289
3043
10884
29780
4730
16184
30113
26091
15916
20216
20762
27029
20011
13891
7325
11547
4780
14285
13859
25698
18063
24380
1478
30188
6620
12753
31698
20641
16493
21067
13598
20176
22760
7176
14749
19057
16369
31086
2352
18093
9117
31113
27326
21152
27433
26869
12679
2397
18156
29183
27829
21298
31882
2055
13620
19502
17259
8745
3524
29665
17771
2332
2381
2659
6099
15449
11122
16024
16521
12928
14184
4529
7043
30968
24841
5110
13441
30422
5156
24259
26876
22273
17944
28625
26201
23955
1441
18871
22627
11394
15601
32177
23544
15231
23043
671
2562
1822
20780
32081
11946
15160
11763
24065
200
23694
9762
30497
28061
13742
25373
29016
19652
2843
30067
16583
4198
23208
9907
32656
17838
10789
7553
20889
31100
10557
2024
13709
21854
10911
16370
26404
2236
14428
7798
13989
21074
18320
28722
31145
15843
20293
16665
31009
27180
18068
29166
154
27416
19981
19474
29376
7218
2138
1947
1825
30559
26142
30629
5428
17357
26915
20717
4250
12583
8885
16028
6819
13067
29001
14688
19732
12477
16739
21697
8744
23837
21942
30387
7636
19158
23180
11623
7247
4313
18536
5991
27090
4874
23018
4578
1949
17208
6388
8516
16954
28243
18187
18442
32005
27097
9472
16341
22252
13714
24015
18621
3188
25981
6343
743
15100
26634
30443
1626
26950
31881
32665
11534
31027
28131
16489
17222
26318
25992
9304
4640
30860
27304
17958
30827
17619
24998
16892
1464
12472
8138
19026
19380
19469
26422
1040
22965
11931
24347
28147
5778
15020
23596
22323
27832
26829
3411
10595
31866
209
24739
2456
18601
25625
13455
5325
4453
19731
10585
15238
20786
10241
9933
180
4175
26876
27182
8153
579
824
12401
24172
8632
25993
20649
3199
16012
8230
23235
30879
12838
6062
3699
23292
11782
26984
15982
31690
22688
25807
29658
6374
11371
15950
26114
20157
19765
24392
6735
2154
18361
30555
16500
15134
28531
13030
7912
28869
20147
15048
9113
26086
23793
24939
27871
16075
28512
8450
24238
6115
6085
20238
6161
30052
25994
10535
23763
22068
15630
7929
18303
28170
14656
32141
22412
19153
19308
24522
12241
26957
3413
2107
6463
32000
31107
2066
7630
28495
32222
22381
20408
23009
7292
17113
4326
72
3768
21012
28327
3299
7812
3096
26024
5378
10752
15444
8737
10316
1355
7485
4172
28510
11928
3077
20763
7605
2181
10666
26410
15054
3753
3379
12275
1675
14444
27447
32065
31961
32284
22174
25319
15504
13373
32427
3249
21915
12576
3643
12443
16984
28855
4167
28993
4161
10919
32176
17559
31693
3743
22588
13018
913
6888
30427
454
13995
16702
26416
8202
16992
19935
2124
25849
772
17633
17085
30850
7194
10696
455
30562
23485
25944
20977
10136
27967
15784
18628
20761
7951
5240
6607
3782
16352
24516
31982
11163
22279
4250
18892
24617
15397
23592
27815
1094
20999
6937
6227
2307
26826
13090
22914
20190
2883
16087
28482
11321
15262
26564
3271
14347
25412
9913
26731
11478
31235
24165
15347
30681
10345
1062
6676
18566
26992
19232
15670
13366
28513
1421
13175
16924
20466
12371
3059
29559
15281
23772
26947
7180
17574
27938
7491
7892
30772
22025
12824
25330
20545
23538
1138
5351
16279
32141
21263
2057
23945
238
26497
19506
29913
22244
15408
19381
31193
18566
17314
1430
11217
8974
13562
14330
26017
21995
447
3804
24999
14097
22751
11010
29923
24980
23284
5423
1369
25205
25541
29083
16311
10172
3344
1952
20536
26054
20103
29110
8904
26337
24344
2465
28265
30998
15217
25833
4053
28230
30148
30091
30565
25209
12999
8942
11825
15474
30720
28440
13945
7303
12095
31778
19268
11695
876
1513
17222
3293
31362
9223
6919
14988
28892
26626
27202
19099
22960
11202
18571
18012
26841
9289
25909
29928
2521
3230
22131
32181
18462
32010
25533
6506
3204
17031
20342
17649
21532
19062
25547
10958
17452
30352
18142
14000
16246
27935
23076
1862
24765
14702
10507
12884
32390
20606
10977
3846
7196
19962
23537
31364
27606
32109
29167
19142
18076
947
12182
25514
15528
15534
7055
8772
9098
8506
7829
4725
17775
18786
19671
8895
5538
24276
24221
19031
3667
5010
7215
21884
7064
28907
16627
19464
14257
4778
6613
9797
7312
8845
25323
17409
11929
10232
10329
23013
1190
32747
11891
18690
12622
4402
9506
5293
12647
4315
10889
27277
9161
27373
24808
28914
11861
9047
7104
20328
13366
17191
26680
9613
16743
9724
29887
25631
20341
15294
7155
15449
18311
4748
5825
6528
26011
15606
6606
22713
24850
26733
25110
13085
32367
14327
29908
3599
28252
14120
5793
9677
7662
31053
15839
17990
23593
14570
1112
1580
30919
2919
23587
14409
16437
32006
3016
1814
30943
10520
13731
28298
17837
8817
28302
2096
4557
16409
10170
23932
27060
8772
28638
13407
25951
900
20372
2585
2015
10814
17663
12367
14356
3675
8882
16477
14009
1855
21965
22765
13728
5631
22377
22985
29759
8142
19767
4589
1388
11449
7523
5089
8805
32405
31167
9285
12051
5173
9757
30381
21392
27872
32252
11440
20198
8193
32104
19260
26394
7457
20763
6700
6761
10259
12776
8733
30161
25966
3930
15485
13523
2881
19864
27108
3704
2561
6795
25256
21394
16838
7747
5548
16964
6071
2711
2424
12996
32707
19980
21391
352
20115
28153
6652
22975
26556
19432
21295
18282
7224
23102
14343
12170
19735
1055
7216
6132
9842
19596
8367
24418
1697
26830
29883
19203
26029
23064
6351
3383
20744
19048
22525
10643
20348
12462
27525
23084
16738
48
31910
23058
4372
26413
30900
14618
18341
24768
27499
7393
22991
7688
21379
4877
16684
2694
9604
22742
13737
28614
28892
15302
6969
31810
23343
30652
30662
12675
26094
13879
1389
32137
12843
4817
13546
877
13996
18698
13393
22341
7230
28487
19968
12616
13387
25371
13265
23603
15791
19140
2708
25323
27592
20473
18876
16739
25548
30691
17240
7360
9312
15465
26693
18107
2918
19120
7330
4167
28182
2786
12421
12148
30544
21807
20716
15508
16432
30738
1271
2716
22244
29654
2900
24269
10170
3928
11258
19347
31869
10766
21018
12973
1538
28488
594
12942
9214
20150
293
771
24346
24107
15784
1303
18762
2208
21629
2612
14426
11900
16133
5770
3786
6931
722
8884
1755
29548
30043
8345
13290
583
26612
18321
11773
1374
20477
27594
7068
24556
16217
25833
3554
22124
16674
18420
25299
14243
28314
30831
8688
5856
20581
21701
1801
31619
24566
490
12115
10684
15688
6719
7354
26773
27854
17334
888
26931
12716
28982
5607
13144
22567
21313
17043
15149
1114
15316
6292
1087
22827
31118
17947
30151
2942
28181
25930
17454
13737
25526
2889
5072
32551
26187
19862
14593
27792
9058
12700
14669
27592
5531
14984
29188
28791
32594
2392
2039
13498
30846
17204
1148
29209
5081
12802
17336
9912
24386
21301
6173
15057
17247
18661
18225
6753
1670
24869
17297
5922
30430
10129
18486
9914
32705
13606
14584
20786
11877
12887
27728
25513
27068
16220
16994
15178
24984
14030
11579
15483
30995
32369
3671
19031
12334
23121
3430
21087
20664
30224
19535
16492
25202
6270
7286
28393
10864
13674
6459
26430
14786
20920
19395
1679
20308
28084
15354
23207
4371
27046
4824
19247
24657
6311
12772
25380
19819
30130
25591
20104
28329
12030
2883
24663
7781
31627
28819
13500
25712
28411
6100
17285
3761
16292
15829
30421
15631
13027
25419
6680
25746
9139
2328
13628
3524
22398
461
10271
21086
5427
31853
6723
24096
12952
11380
4809
30465
3042
13079
19613
20616
6531
11726
6894
11898
6211
3600
29153
6837
30610
7773
26502
12892
540
22658
16651
20020
29855
28953
24623
2638
30457
15439
9466
28903
11142
20458
6059
19596
18600
1674
28403
25986
28839
18478
18016
11876
15292
15355
6428
9230
10344
18233
21719
25786
26122
32159
6402
17001
11697
26320
30270
21637
7471
15653
16916
19652
18543
2477
21222
4943
29960
16754
14373
28196
13329
18430
17093
14264
20024
31518
29166
26849
13838
11238
6133
31220
29861
10485
19338
24362
17501
15867
31027
9289
19963
19576
10489
27520
15355
25030
19552
21394
6184
28249
10397
2359
10089
582
12548
1983
14302
13058
26048
19704
5419
3692
2758
1106
5908
16142
19212
27969
32331
17824
7157
227
4997
27598
29968
6883
15571
21564
12291
10653
32048
19398
9410
10626
4694
16396
22021
28606
9431
32558
16888
2073
15976
9428
11060
10779
31360
22642
28142
2420
9506
16586
13678
1435
15350
20658
9667
31924
1439
20759
19894
17847
13129
19522
29948
5583
16513
15962
6832
21760
1354
12074
14336
9741
11885
6437
6950
9625
4112
16807
28314
9356
1674
26238
16517
25016
22902
25769
7801
1725
21766
15455
6496
27689
3483
5716
17843
26852
402
11831
3053
12492
3424
18047
23870
1692
26081
2407
8323
17682
3309
31543
27510
849
29741
25030
23586
22660
16940
17725
9883
708
28081
28189
10987
30012
9037
1156
10063
4490
10544
13484
23204
4201
13632
31924
11036
23949
26989
1955
9525
27343
27198
14762
26348
16010
17328
20905
19245
16709
4161
17397
27023
3730
5704
12889
15934
19765
20359
9562
3640
21129
3843
27327
23485
5408
14612
15697
32512
12970
16824
6624
14115
3352
25900
25990
18274
17153
20158
18736
29839
1860
8669
26201
30398
7151
6514
18713
13121
29791
12659
15199
21207
17065
3764
23930
2080
29753
6401
10207
6740
25017
31595
14886
2101
13877
32479
6997
22338
20860
29437
20321
25390
10697
6438
26098
16784
28834
17879
26215
3548
32513
11318
15642
12690
19634
2027
3557
31925
30460
6449
4069
8831
6787
10029
22141
28243
1133
31870
11166
17651
32452
4629
24390
17907
15387
23623
12359
8558
9845
28192
12874
30199
5474
26363
21779
19154
12139
24143
28935
31333
31408
16844
31979
8425
24784
22951
20718
25445
10761
26418
6890
8925
13217
4527
26599
28614
25988
5478
26337
20926
11054
26869
18635
14202
29643
19688
25043
8960
32157
31113
28648
26134
28831
24313
10873
762
3176
11136
32640
1363
27985
3106
8640
26472
11482
23411
19530
22416
24906
12972
24390
29161
16534
4349
14832
16973
27268
3365
30177
8834
7696
17729
26512
18609
24079
225
2072
6682
18706
14689
11324
5637
10381
31863
11432
27900
31545
23816
25465
6199
32438
26176
8960
1368
31861
17633
2499
10841
24021
6875
22469
5570
19340
12574
10504
20255
23625
31660
14671
7089
5784
9202
5416
31588
18949
3416
23594
29185
900
2071
30844
28837
8464
9802
28567
29554
18579
26441
12364
10116
17926
11570
520
11558
5337
12488
31063
19014
6293
26497
5543
8487
18624
4058
27727
16214
21505
22510
1231
6367
32388
21063
19033
17344
16288
11508
13969
1950
25271
24283
6546
5559
12126
16209
9009
32024
23742
15336
4485
12048
21562
8328
10407
10212
1875
9666
22454
4036
23752
14688
12062
26622
30977
13633
3098
6258
26029
30820
7544
28998
23723
5698
9629
29915
14886
4193
7624
32255
23045
20006
7835
5732
25730
18155
12759
4432
19992
4689
29031
16023
3747
21207
6048
18887
21443
11948
25799
6562
12929
19138
32211
17361
7221
31780
10357
26838
6823
9097
2134
3139
6004
26409
16800
15657
12979
16079
9407
8916
27865
1584
18281
16821
10202
2427
11995
3232
17297
16433
28518
5688
22882
10807
25899
30375
23326
810
27171
14738
6438
16370
11618
26699
29652
2714
3996
1097
15382
12382
10472
1494
1884
13830
23492
13064
31413
1651
6489
25330
20788
28536
15105
283
8601
24811
5383
25904
10029
8699
9902
21237
4590
28867
2932
13953
8684
16416
4503
28843
4595
1984
6617
18368
5482
23164
9344
20599
28027
14056
12194
25382
22901
17960
19103
28981
26222
32005
751
20179
25132
21312
3614
17641
30022
1317
21780
32588
10374
4964
17562
11063
22930
29981
1818
23032
25291
12346
2982
31721
31350
19457
32316
1954
3354
20969
5449
8557
5928
20653
22635
22267
16865
5536
17531
17237
18293
4160
28875
12052
25192
5133
6572
213
19514
27804
13364
4584
3911
30695
28478
15176
12268
15079
17841
11984
28907
9317
1542
28843
14097
29197
29444
1293
20502
27588
25038
9760
8388
26939
31008
5698
32347
21956
30166
25197
14133
9829
6318
10486
3750
30251
8526
14459
12326
15553
31369
6935
23986
21313
31710
25047
23919
15178
25665
17522
27281
23635
29215
26932
11643
11071
15516
26940
32551
28721
12831
25831
31689
7841
24592
15500
10415
29616
26592
16746
12652
20152
17738
29406
53
30760
18905
7130
13707
19087
29099
25746
17179
29174
30068
11384
11746
13683
15813
16491
15252
32507
7055
16683
3903
5496
27107
19985
31019
15643
31995
18429
32262
12788
638
16527
22845
12480
14080
27034
32429
514
5320
6357
24443
15189
24535
13268
30272
11008
13094
6199
24170
8651
29486
21538
31455
3857
18861
17133
28643
8983
3752
25116
29755
27548
17068
29329
15762
7857
32346
14848
3101
1995
31523
30884
6523
19223
6479
26416
28383
29453
1860
20745
26224
31816
28165
7858
23536
21397
18169
25735
20636
31306
16110
18863
1620
17625
19037
23372
22012
26532
20207
8180
17698
17939
1601
32613
7905
14308
32228
21108
5125
14531
22697
12103
9839
13851
13595
17860
25532
28459
23884
24649
13089
7004
9173
23710
15001
19154
4632
12584
8003
13633
19400
21087
9477
27394
19372
3202
29046
7270
23967
9609
30203
27466
31196
23387
17712
31467
25976
4673
22409
12796
15408
18330
825
25334
18277
7377
11090
20144
18021
3725
27182
13615
3052
11303
15119
26815
5355
25441
26370
5954
31879
13397
14601
15817
29029
25003
15736
31329
4133
28943
4256
12336
18220
4066
171
12736
10151
12336
1735
26010
18380
29155
23431
6423
6755
11318
10885
30067
24454
11116
10573
19235
4773
30401
5494
10088
31181
12961
24082
26661
14889
29464
31817
16878
5577
4746
16192
27745
13986
24740
3904
26809
10966
15762
27668
5792
30262
30066
10930
2885
23813
28681
13854
24239
19455
2229
22412
25425
410
8867
18885
31710
23692
19778
7115
862
29581
3320
9920
31618
23134
7187
6916
30004
14346
14338
26782
26483
4716
20165
1757
26718
29425
8354
24382
31886
18592
10778
24465
28841
11095
27163
30552
28980
25687
22647
1136
21673
24578
8341
29427
19402
27876
29799
5212
27700
27633
2971
29164
18743
22029
8982
7757
3813
15058
4254
19062
21353
7309
16086
8654
4763
19849
9584
12692
2001
12945
4510
24446
23031
3760
21193
13216
19938
15419
8070
31120
29409
30481
18118
31944
32149
7202
332
25675
17667
558
30565
29068
5608
20431
20179
9867
20556
29370
21770
5953
858
7234
6559
27198
31599
26398
3325
19601
30321
2667
30554
23784
29282
15861
23529
20984
18997
13234
7249
24607
5344
19087
28767
8776
31410
24175
1527
2576
29927
22897
23889
6951
11130
27250
13666
30200
25914
1236
7319
30092
15904
3453
31177
25771
6112
22818
8558
3653
30910
24517
19212
11537
19619
18812
31476
32372
15472
14453
13356
31908
3986
29751
1709
1037
19415
23082
19918
26612
1919
14170
13057
14938
8599
28536
18621
19235
21634
5410
20923
8823
22233
22371
2149
31337
32373
26750
31372
31702
6601
16871
19801
17040
29557
27027
32134
27836
13337
7281
28621
14713
5735
569
26017
31427
8573
20068
10781
24214
23921
29307
2874
21334
13869
17813
29508
2926
125
17692
13967
25656
21862
21199
26982
13341
14266
5133
21060
17405
14313
22096
19527
30672
2586
7416
11745
27278
17018
15434
2001
333
11220
9656
20561
14761
27747
18786
20113
14185
27876
12510
23141
21856
13806
14132
17466
15760
14214
557
31055
19606
12015
8398
14370
17474
7871
29471
26920
4485
3384
16177
28608
10640
31956
5982
1898
16954
21282
30163
308
27042
8657
12620
30070
16662
1546
12063
15807
24372
4612
30332
19215
7503
29906
2291
11335
21525
21631
9270
22749
19310
3676
20769
5076
24999
20889
25591
31468
11727
18451
20975
5654
8545
16749
32751
31530
27940
5218
28311
23004
11600
10841
26497
1005
8434
26938
4039
17822
28817
28545
966
8810
18450
22161
24610
18932
18393
28490
23563
22847
4401
11485
22718
15389
29166
12767
2638
17130
29521
13213
7588
16505
20523
10160
32708
17487
5701
28625
10835
17679
30464
30702
6486
20278
2873
31357
20029
3080
3695
24336
1056
13515
21800
26409
31048
17970
656
7504
29169
2076
16740
14948
22606
15743
1038
29999
7630
4254
4114
28732
16798
3971
22696
14829
8303
19625
27818
4808
29049
30713
31665
28178
5312
1015
13948
24735
5782
11070
3729
29160
3169
27178
6438
862
11934
16596
6465
16894
21542
20803
29983
22054
12976
11744
6867
17831
2200
27691
6191
15387
5087
20397
27111
11641
31346
8493
17908
1766
1967
1575
25911
25038
25381
27770
4191
27956
9371
24161
29708
326
26964
21156
52
4405
20114
19728
22215
28483
30041
25380
3470
5918
29557
30989
18265
29292
21951
19157
26713
19367
6043
5591
27083
25387
13253
30326
4310
23181
12878
19982
3255
27183
22497
17707
16411
5393
23115
15865
14796
20202
15930
19196
8336
18552
16965
32257
5711
22036
31533
9045
22131
9353
1379
15668
5012
12326
28618
21380
22613
12818
17341
27588
28553
30688
20052
15679
6043
22883
3811
30085
1324
16580
28356
8475
30973
30929
9815
3186
27920
13720
29510
12566
7434
2869
1038
808
28124
18152
15547
13070
30882
24171
14578
14185
15563
27010
12085
13127
15739
22995
6499
3227
3629
25848
18046
18154
4765
21715
14769
30278
30181
12833
31378
24192
7398
32082
15012
4762
6121
27033
29728
10363
22406
20031
26101
21734
10438
16956
4365
941
15492
5640
6866
16418
15897
8111
14577
463
15672
3364
2653
12647
28438
12503
408
31228
2766
31881
17454
14961
17669
7775
9090
11059
11977
29750
4812
3108
31679
18743
15971
28376
29566
4523
10296
28932
4662
6416
28067
31539
7317
22124
6755
22459
10987
23265
11488
13808
28556
3714
12210
28055
15478
12133
3175
5790
3123
18169
31617
18698
4609
2458
13759
6448
5425
21603
19102
9256
7117
15684
16414
16511
10365
26964
24521
10028
4011
7528
21746
10437
10214
15588
59
17139
22916
10961
9306
10788
20876
16688
20508
7039
23507
21134
10665
2845
10340
27097
32523
630
37
15474
16362
17177
11448
643
17561
417
6048
10643
1623
19684
25765
5464
11470
30061
2937
25292
5344
2349
13467
24963
13475
14189
23932
14139
170
12551
2017
25013
13959
22742
30856
2755
12429
22635
18702
25251
9947
27905
20752
29835
406
179
10897
10629
8309
25581
21915
28029
15235
15137
16169
10904
16672
29883
12101
3784
21833
23382
25198
20382
22042
6192
21052
24671
2449
14811
28999
20057
22677
4918
24132
14199
15159
1692
21105
3860
14903
4443
20276
9485
10698
11112
20222
8986
410
20305
32118
29790
30223
15986
15060
19260
14029
21868
28298
14701
30334
1235
27946
3663
8145
16935
30084
28544
23490
1286
2318
24492
19741
9375
9098
10147
9533
10602
5602
21935
30234
26391
2135
18212
25987
29380
26586
28728
9639
18802
17082
22037
22234
15034
22656
28461
13974
27580
24856
24014
16320
1625
20273
14582
8237
26786
4581
22376
10085
26767
6557
20735
4775
32757
9263
10819
23085
29874
5194
24122
25520
20778
22548
14977
15919
16632
8977
16794
19181
9693
32583
1928
30649
30972
31136
15513
28273
19530
28047
23172
24009
64
13302
10163
16201
467
14664
1250
16021
9381
16107
14569
9713
28029
19424
11990
29700
24821
4261
23103
32476
10866
16986
13783
18483
12121
12580
4158
26353
25216
7631
6942
10738
27619
4791
28787
22536
30873
17384
554
12612
18182
14980
10222
5489
17233
20325
16191
29666
18456
14596
4548
26734
22371
12441
30178
10680
24535
29316
23949
11444
25133
7660
18270
8550
2786
14246
17894
11501
5167
21592
4419
1217
1083
11742
22256
20281
7056
10220
15330
27984
1995
2037
17616
4520
11928
25676
6354
18639
9438
3722
21037
22210
9783
32047
20845
3503
8355
30860
18101
511
10365
3808
25940
16276
26798
5057
30104
25679
25376
11965
14567
17366
5494
15682
21515
30868
22010
3003
13262
1537
31958
10748
8135
28707
11656
24288
28531
27733
21648
32560
5512
3911
11627
11207
30085
7238
25797
15092
14222
22973
10987
20768
3703
3836
19071
27825
9247
3897
5999
26926
8191
30164
18983
15779
31746
30688
6918
31303
7063
28382
12815
18780
22789
203
16098
30551
32000
2398
19690
17985
21625
10379
10199
4189
22714
6731
25679
32267
7601
15263
24800
21228
31372
24786
21306
5703
8327
24831
13723
6827
5122
31444
10378
10454
15319
30357
7368
20950
31466
10596
22916
11374
2050
15807
13006
443
30679
25930
1102
11543
11628
22479
17462
13118
9374
17283
17013
21680
19197
4747
26670
8022
23260
10686
2920
17255
27812
1197
11015
12173
12910
21216
9979
14404
4560
31331
18615
20099
4086
9090
12260
2463
17397
12752
30551
2156
17245
20078
9793
28069
15629
26505
16806
31630
13900
18725
4625
4823
7701
13081
29061
6340
10929
4187
13750
2187
13708
13182
2681
13310
2369
15481
20602
30569
22007
2986
21549
25790
16368
26139
28935
10735
15455
12035
29933
13980
12410
23184
22509
25838
1745
32227
7212
10691
11998
8285
27167
4107
15069
12825
15614
881
4062
19385
13174
11839
23576
7014
22687
28283
18304
8978
31021
9814
4762
11264
22762
27592
6031
4999
23652
23412
24961
21779
31458
4817
19995
30060
3229
5515
28012
13115
18733
8743
5109
8394
2626
14823
21248
2827
9876
24557
19252
20956
31005
21410
3431
5513
26757
19033
32179
23954
734
27696
27852
7343
401
6199
23440
13842
18840
13269
7392
26604
15342
2407
18863
16178
27204
31273
15192
30881
1014
1882
53
29440
3901
30363
32365
5797
17062
5529
14605
22074
4803
24811
27483
11457
18464
4670
28263
15574
12664
22959
7394
30004
17961
18040
10547
24187
19686
8911
6600
30257
23212
18187
24490
15110
15863
10249
15189
20060
10805
9422
25542
20230
14203
22381
9173
20816
2679
27947
25029
6208
14502
18914
17690
29724
15558
31395
28330
27180
3983
15263
30455
2497
14494
5448
9916
4727
27570
21683
7622
20406
1562
25409
23557
19839
110
16766
24803
19045
10366
10569
21716
2777
14216
6966
28975
29099
6318
23344
6716
462
29606
8291
24462
11612
20404
31833
22163
5593
25301
15714
873
8636
24893
20538
17395
2859
24836
25830
28973
19463
9757
23263
10940
2856
27271
14450
202
28394
30407
12647
28688
30952
7829
225
25652
20231
30166
6789
13398
5559
20938
30430
19942
16245
27271
32512
440
30100
12454
23404
10074
32318
11068
10804
2725
17334
29196
24672
22418
24799
6138
23183
30799
22274
6595
24802
6546
20684
9452
8725
18734
5782
19192
27119
25316
6122
29918
5853
16251
11842
10938
4826
23058
32018
963
21393
24502
4873
21117
9670
23856
12436
24880
18418
32544
22437
21144
6189
6224
2226
31454
22865
25154
20736
17607
21341
11275
3617
30508
21271
27492
2748
28330
19702
25599
22668
8090
10046
22807
2987
29763
28525
32075
15121
23375
32470
5292
27223
6780
21132
32021
16577
14740
6785
4283
12668
6559
17391
5892
31012
3159
759
14237
5258
32732
8073
9159
5299
4777
2435
27121
29732
9159
30749
10124
20828
13120
6276
3355
12963
9943
4037
26761
14082
18166
21485
10688
22675
2024
8302
5495
9211
29512
2501
6731
2356
17850
29786
31762
10640
5337
29352
18796
18170
4464
20125
20378
14463
14828
16964
148
2062
4369
9121
32597
7548
11501
2013
18042
6859
12810
8611
7435
19884
3816
24265
19865
23106
2986
2355
21385
809
528
28404
29359
12983
20901
21943
27935
10626
25658
15710
19263
30242
22162
13800
27169
6712
6495
19608
17424
175
7789
21587
10089
10561
26142
3403
20397
11581
278
28634
5331
392
23095
7856
9443
6626
23760
17457
31680
20843
19217
24345
3397
15462
22723
16994
21908
18236
24118
19559
17323
18116
14202
6473
12857
24001
9169
13458
25263
23469
14693
3608
11929
30901
16695
13861
25391
4868
3928
9428
31527
20804
11099
4286
10958
20066
23818
6358
29271
12946
29016
17810
10867
23956
19351
9548
16162
1589
5867
2023
3272
29464
11263
7605
4995
12470
32502
32152
29884
26788
10661
22120
28412
15893
26111
20373
19457
21407
3280
23822
29970
24130
27823
2657
8591
27046
3373
291
21452
12708
12883
20114
6175
13576
13388
11385
14904
26005
32606
20820
25777
6474
20511
2997
24294
8420
32741
11494
23815
10148
30078
1744
5740
16466
3617
283
5672
17282
4773
2455
31200
25366
3313
25563
4830
5892
4532
7212
7521
18266
21078
8608
567
22399
2862
19330
22158
30395
8693
19961
3592
23033
2170
25061
4877
17100
14232
9226
14693
30641
22117
28528
16134
4500
25005
14089
20266
17045
26527
8853
15269
31243
11205
29379
24694
2505
18234
28825
26012
12449
6423
27669
21291
11815
6958
3605
11166
17335
28411
372
111
18106
14039
14198
13541
10276
3951
19302
25390
5441
15733
18813
6061
5554
25493
23814
22165
19123
21675
10688
8119
13215
22067
21636
25752
7093
26368
32551
9415
5404
24114
15266
9325
9509
30306
14960
28966
1489
6431
14392
10511
8339
32414
28332
14369
9814
30125
3249
32701
26818
26601
31168
7303
22715
28209
26764
15992
20011
2394
31973
18223
32002
21284
2268
8840
15227
15213
9512
3440
32160
9637
10440
16120
10768
31362
17386
10152
11264
501
16908
15125
26240
6492
14177
30645
27903
6649
7542
8435
9490
931
8981
24447
13681
16315
13162
15336
26178
4194
30820
10092
22171
32745
23646
1807
11074
25737
20223
29930
6839
19541
20830
11206
31348
25964
3434
20713
12659
13939
31882
4144
13297
15171
24960
15966
27762
14814
6547
30132
13829
25512
2285
24770
19401
5844
9794
10108
20912
21532
27058
12944
23171
15541
8945
14583
3878
11394
31397
19402
23326
17544
8975
21592
16976
31138
31726
14453
17419
31605
11680
6421
28489
1959
32651
24345
3122
32076
28091
2664
32482
17569
16844
30530
18284
24317
13067
3537
17183
13060
20952
4097
4872
26910
16975
31122
19383
27688
2599
9836
21062
25193
30169
13106
2712
12999
22789
19481
15071
27194
11794
24059
18529
5506
22806
23975
12667
25365
4597
6524
26854
8540
14796
18742
30265
27934
8080
20487
32687
9277
30706
25834
8491
28832
3206
5428
13433
32624
26149
21867
28375
14471
30352
5212
30644
2597
1365
1128
23735
7397
25591
3871
1795
1008
11593
10000
5562
15729
5147
27614
16831
5961
1304
21655
11969
19459
8175
21570
19829
27658
19377
11447
13090
26393
27258
25524
2659
18932
28756
3628
297
1110
24920
26082
22527
19242
31511
23863
30354
27389
3384
9536
10608
7860
17762
23068
27920
15994
29276
18821
27155
23293
626
1956
1737
6362
16667
17962
12791
24661
6106
8604
19159
13646
22114
22766
19041
19313
17917
9044
4553
10924
3118
6229
585
30694
8341
24097
16928
13806
23060
4644
21211
4785
22320
8155
23763
5297
17850
31207
21495
15538
19886
26976
22987
28598
9051
26475
177
15660
1220
13583
21608
21861
9799
9540
19410
17479
21116
19789
2042
17477
16736
3912
1109
15759
27315
13060
7240
17797
22430
274
2539
12914
14233
5151
16909
6007
15500
21633
20856
15557
564
21007
8053
26639
1225
28726
14739
2368
27358
6217
3237
8041
9864
26137
12042
27133
12738
710
8241
14912
27152
8660
8539
30973
20323
21633
2979
13431
10813
10070
18236
19107
23829
15869
18427
916
25853
24914
13077
12343
19842
13244
4649
8512
7124
32702
14209
2660
29991
21705
14229
9673
1112
26197
7120
11195
25300
24880
12951
29344
2230
11029
8328
19246
2095
16512
5887
27867
6187
9409
21471
1685
12849
6223
20111
18356
18315
2400
13890
29997
20904
29366
9596
24328
16830
7356
11986
18964
5043
29905
9969
8665
2110
28388
20449
1742
19018
9537
18827
3276
923
10922
27513
15811
9395
17066
27614
13484
25591
29734
30678
25790
14350
10805
8430
24805
20874
22322
17383
14192
22474
19983
19639
13833
27934
17899
31697
10731
15917
15335
4262
28751
8340
10038
32108
27431
1232
13172
2078
11791
16222
30009
31940
30593
27936
19693
21748
19016
30467
27614
30873
15159
30943
12175
31731
18202
3999
18260
32479
17645
21153
22555
4441
18508
31840
4749
16703
2091
1616
28502
13655
7623
15369
1472
31124
12252
2472
12423
24725
24089
2418
29929
7791
209
5307
24572
172
4339
23559
20036
26516
19516
19054
20869
25771
27051
14405
10454
8826
29238
12538
32503
31122
4539
20544
25316
22223
29753
31340
11946
22234
832
29727
20602
15089
6054
7462
10748
6891
29564
21150
31205
30838
6208
15452
972
6052
19796
2444
27194
16550
27311
24727
28416
20183
15315
1611
3533
12540
3839
54
9471
16073
17573
13906
8378
1960
29470
22504
23607
32439
29341
1966
11615
10255
25954
4914
20121
11084
4144
14716
6880
28490
5888
17647
20504
9004
29175
31857
19362
22691
11926
12236
29998
4973
20785
25427
19408
29211
27298
24264
18775
21528
13886
9085
4058
8423
21512
3514
5523
5292
29477
9567
17136
13806
144
25034
14056
22683
11791
25851
9612
21068
25958
29174
1246
17355
31690
8809
31717
7123
14744
8079
18433
14102
2631
25172
3197
16772
26780
16058
16483
15563
23324
15995
11924
20506
5319
3824
15383
17707
3587
1585
26802
22144
10711
894
15799
13037
15193
11998
7969
23126
32618
23557
13023
14266
24224
5243
21104
7280
2948
3323
15024
177
20734
2586
28146
11607
9485
30761
31822
13028
21435
14939
9789
20934
22097
29995
3427
14298
10951
22520
26539
14126
16254
10738
26777
23051
18226
7738
21724
30771
2346
13125
29731
12647
433
8578
21810
28972
26314
7484
6197
24527
25888
28609
13140
25767
10556
11204
25991
7578
2298
256
19372
28642
24894
29470
19415
5649
31715
30681
19177
20307
4596
16480
24676
5108
15903
12795
31869
29474
29542
20978
13427
32243
19480
10411
10528
25514
17664
24594
15310
9014
14556
8509
1355
30203
12305
30033
17216
22485
22684
11679
12222
20570
14924
5907
30490
24928
31534
31951
16379
16064
18505
15891
31153
13145
13964
31584
25800
22359
12293
7901
2525
31669
16724
17401
4785
28416
23390
16978
14716
32606
23878
24534
17028
24016
31385
28199
13293
18100
20936
22340
16339
5006
18140
23911
5270
6663
30309
4649
1909
31798
21683
18668
19807
19999
19785
2170
13829
13433
30351
16362
7476
24757
11719
17092
1634
3643
12098
20581
5767
25847
32468
10916
24622
25876
13445
32693
13771
16391
393
11086
30287
17104
371
4873
2042
13692
11173
8714
30064
21487
30987
10209
24848
17376
4617
7857
17025
11301
6321
7314
8845
20785
25402
29749
18739
23259
15021
18631
4599
10081
29154
6423
23165
20396
26795
1530
16214
16597
20303
22511
6938
3817
15930
2047
31671
25833
30194
20455
520
13845
23373
1401
24490
5226
994
17728
26379
20586
26301
12387
25027
17947
1367
16843
8488
31570
8389
32392
32028
29489
20271
1393
13610
23279
1412
16907
26578
29655
26988
18093
5152
24212
32638
4577
22916
11179
2484
17164
27101
21833
10779
594
25047
1599
7631
8116
31607
21067
9255
11643
20212
17305
26157
6618
5577
24969
29265
3023
9224
5299
8286
1866
3057
3113
29100
7313
8131
2043
16792
9955
17874
11521
23089
24155
21210
17876
16692
16664
24211
5406
20795
6043
18053
7444
29489
6256
21278
64
3081
28433
13058
24452
29359
10759
16546
22876
575
21586
17936
3683
7286
15883
13074
20249
12390
14408
31093
22243
6509
18496
931
14419
27239
5552
31096
24234
31011
6269
18258
18587
15892
18842
7015
24658
23625
23340
19804
5301
26015
15340
25619
6122
12086
27085
11716
26393
18977
22496
7759
32627
29794
27508
26576
25715
5653
21633
372
23395
7915
17735
4236
35
22490
19762
26592
5926
32019
23297
4422
16573
13365
10791
5491
29080
12992
8049
30224
21641
10444
22762
3601
31116
17403
29948
19522
30213
24236
21719
31778
23112
12145
24087
4341
8286
3268
32672
10005
30727
6389
32205
12169
5115
27239
18891
31192
23669
1020
26687
4127
10994
12750
11055
6498
29494
7712
17183
13856
32145
12948
27514
2858
5728
6558
13876
28341
22230
29752
15022
27565
27389
6103
11226
3916
30967
26782
6559
13548
3466
9170
24959
17433
12764
11919
4727
5355
3706
15545
18470
28306
16287
25652
16690
21555
16052
28760
13544
5107
1299
2463
11298
19537
19472
1441
24942
23480
3642
29507
27756
28244
11742
14123
15480
7718
25805
19575
9865
22867
24927
32174
2649
706
13496
10742
21191
229
30282
27272
21881
11991
16539
11362
21957
25512
27465
4667
11986
1013
9803
12988
26874
20923
23161
1773
15987
28268
29519
7406
21295
17219
30190
25319
9216
17365
2403
7745
28928
16106
21548
25367
10032
12682
21240
8167
3423
20571
3247
4494
14414
15146
18354
13171
2577
3783
9316
2
16568
18710
16617
5468
22575
13155
18990
4684
17251
18166
7721
16254
16550
16359
25442
22763
19797
21044
14770
2968
31928
13585
26698
31616
13865
30847
11512
26062
7801
22816
4262
13136
12431
1610
25892
3881
18770
3674
20519
21958
10954
25931
1937
28691
14977
14727
8946
28398
32560
2812
9807
31452
8599
14451
10787
27642
29869
30493
17572
7735
18681
26735
6215
21953
3904
16944
11142
18365
3680
15569
28129
6971
12412
15356
3619
30313
11097
25967
1510
27654
2056
6667
32345
23834
19910
1320
29249
8933
21536
13868
12606
5397
91
30812
10320
16444
29202
23794
5017
24704
25377
11119
32101
29845
16066
11314
11879
31976
13302
330
29509
15133
18215
393
23384
1468
9995
18905
21677
1063
18635
30931
18767
26320
3941
18574
8648
28584
591
31413
20709
24283
22365
19165
19642
6074
21476
23317
6374
4600
18720
20158
17944
27418
12243
1949
2770
11305
10031
14638
22893
6058
23286
17979
5982
5072
5344
7342
22967
1263
32061
932
19185
11316
20187
4034
7656
24212
554
12748
12839
10242
13214
4979
19814
12005
18773
13935
3665
27593
7162
2510
31883
2388
9961
27020
23027
124
915
15459
6438
17656
13348
9188
7493
5620
356
29383
9976
18185
28635
23936
4786
5484
4153
6419
19511
23910
12021
23592
7004
17412
10035
30306
11790
10511
23787
29165
918
30014
8776
29526
7451
6315
3150
19360
5993
19844
31424
28820
4593
29443
22337
20312
1808
5280
20409
11587
31124
29061
4090
2800
7036
6210
16036
15761
20991
27330
16709
12934
15056
7805
3013
4399
5793
3312
32514
12030
15590
26698
6839
2512
31963
10345
1698
15485
4040
17412
14054
8621
131
2602
12206
6382
11319
12267
11283
8708
16485
26197
11328
17024
23080
3234
11987
27029
10941
21167
6535
17958
17730
24496
5392
17187
31166
20771
24647
7702
24930
9730
24199
19449
15
27197
25943
8267
7960
13927
3401
27235
17736
22447
2594
32003
28711
13331
20026
21552
29305
16080
32038
19777
7176
4381
29077
9527
3747
31512
23160
12620
25703
8449
13158
1487
2877
30886
7230
32558
31140
15134
21518
24917
8369
7866
23347
310
16211
27961
194
11433
31452
19003
24359
17527
24765
15865
3084
15537
13713
22578
32637
30535
13662
32617
30281
11477
10519
16461
21419
22464
30053
12665
17961
21890
1702
16221
13245
12866
15927
29820
12595
21160
17646
4569
2258
28655
26347
2987
5182
6716
23697
15960
28061
13614
9423
28577
15353
8886
21668
28698
7909
4137
32738
28894
32100
6547
7986
24960
15366
14159
5976
27205
7764
10708
17848
22160
22382
22482
13849
925
3571
21118
26026
10098
22305
29737
14146
1043
27966
19736
31980
23286
9526
21136
15011
13494
26501
1072
1626
20747
12375
31620
10560
21242
23278
6614
26177
32073
15429
18503
2512
4918
20723
32287
9956
12649
593
354
9536
13094
18143
5540
1272
30663
8676
3357
31537
7274
18005
28672
19496
32231
24824
11785
1654
5893
19913
3669
914
3821
15517
20855
20887
3038
2309
14792
27207
7715
18805
28158
23376
22338
22950
27137
17359
24951
25656
29178
19219
11104
12188
15276
29859
31738
12849
16903
30082
716
12717
30458
28337
14434
29119
18314
12534
8957
13811
9761
28124
21385
6869
3880
31227
11983
2649
15319
1145
22252
20346
30540
26577
18690
3362
18907
30675
813
7242
28326
28909
18105
5474
18285
27816
19090
2291
17063
32629
29179
11139
26577
25514
23427
30905
32262
21960
23605
4545
208
1535
15120
23282
22334
17140
16567
7342
310
16833
28521
11146
12045
10045
30514
23471
30549
13951
14947
17281
7926
18589
30273
4478
10113
29113
25594
31080
6080
30527
26077
31910
12946
31592
5321
4584
4085
515
16870
28682
19557
12916
16532
59
16997
31485
3233
15198
603
31036
8383
30384
31904
19445
4405
25515
4568
12818
16084
18219
32127
6888
13869
11216
20165
3004
3841
5027
25500
32390
24569
27900
6671
7668
6807
20131
11221
690
25453
16181
26662
21993
14989
3017
16333
32006
2112
29140
22399
12988
25083
8266
5227
12620
7054
21510
22290
20996
30879
4972
22617
17925
4695
19789
23772
19530
17755
24330
12934
2278
15358
17917
11359
24973
26805
20
4260
854
1227
24511
11549
30143
26453
22285
1451
24306
18537
32274
20769
23879
17547
22667
14420
6665
13416
7877
2934
31101
11463
3514
24991
3104
15036
637
22189
9521
12318
25817
23374
14959
5180
9525
19291
28964
3276
20923
15976
31842
21284
1722
18073
12429
2477
15944
4535
28697
1428
17195
8322
21909
24770
19194
2121
16105
26639
31615
29369
7644
14770
24416
20467
12761
10236
3582
28385
3826
13383
2718
28617
5669
13865
7879
17698
17118
749
13290
13991
29118
10563
28745
6827
1179
5430
6929
14764
1992
12383
3017
4138
15510
21080
10480
25273
11546
5492
14818
22614
11569
25517
4092
3831
27842
20446
19200
24166
32579
3891
15547
15694
31871
9949
12261
31894
7830
8714
5704
19695
325
25620
25125
17065
26215
27384
3795
19403
9148
5643
7337
19554
7658
17640
1054
21785
29889
25261
25647
10250
17603
12647
28673
32724
8676
27082
24520
19694
12174
806
26855
23867
31208
14230
345
8670
29784
6267
29263
1871
16711
18216
32282
5038
10020
9695
7500
16216
22187
5373
5914
15289
26215
4209
30981
7265
10101
16754
12730
5721
14220
22642
21302
18871
29754
17229
16429
18800
13168
5063
18605
21870
25921
10805
31231
31458
743
30842
9678
3804
28423
28981
25738
14105
11062
30521
5903
29979
1723
24894
11138
26495
10902
26070
10620
13708
9922
930
18795
22792
25784
14789
6965
14927
9012
9369
30
21158
24379
21153
31723
18636
20061
26047
8519
15314
20024
21671
7527
12333
27965
24724
9962
21258
28855
4922
21507
2017
31752
22779
7129
29773
15670
2909
1838
32283
17063
32700
21567
28576
24105
28220
4588
13904
14646
17666
30233
28557
32373
15268
29524
14269
15491
15069
20920
28575
26100
27782
20241
27615
4757
1985
2625
17128
26100
11640
15842
11513
16163
26886
3628
10875
5560
10547
28185
25746
10264
17766
24520
31730
24310
25366
5151
14836
2582
20354
11701
22504
23127
8610
10991
20653
15600
14429
15209
28800
31738
26876
1175
5906
18479
29151
6572
24541
4081
1390
10938
9399
18318
339
12059
3752
1730
9703
3857
10489
8061
25065
4265
10893
4583
1654
3045
26997
417
30517
10777
11454
4174
10963
13462
20621
16723
4015
13958
28783
19162
10454
30231
3050
30749
30513
2268
22872
225
765
1904
15093
31296
6524
9308
2614
17580
4842
10810
11612
6961
13491
9499
11082
10234
995
15143
12691
16919
7134
30851
16600
14462
23889
4728
29521
20047
2408
26065
4521
19548
7490
13444
27151
19432
418
26261
7562
7855
25319
21048
22412
30759
17726
20278
9163
15366
10518
6545
22092
5636
21460
18283
14784
16098
4296
22052
30740
4779
32352
4803
28996
23610
15260
24983
29808
31228
2498
10526
3889
16375
13907
25637
26413
15115
24893
7985
20969
14712
29522
25886
7903
15521
22777
24326
18385
14352
21796
11108
31580
16825
130
12409
13776
6019
18677
28143
23615
7684
1350
4541
3540
15500
28952
21578
8038
14950
9498
24533
30029
346
24449
18196
12149
26998
12470
20251
23473
29199
24651
4224
8785
3074
7732
13245
8438
22847
21556
19669
26533
1417
11157
6715
19483
7287
6940
10991
1888
191
4412
12266
20895
26803
3722
31932
28725
1036
17521
31604
27144
12007
3111
6080
22042
22029
18911
25941
30814
28791
4161
1425
8394
12818
6167
4191
173
23487
24649
1116
27203
19614
2571
568
11910
14476
17749
22366
3400
10218
24979
7127
27519
9377
22175
26475
17376
14434
23020
25098
1455
8243
21508
13163
21973
22823
18996
5619
26163
27244
4229
4312
22326
4235
22511
7558
22443
11756
27850
15426
30421
9369
14725
15373
23741
32067
24986
14795
23754
32650
2241
6820
5777
8057
6757
1451
6382
25680
9556
8381
15188
11399
8122
5292
8545
29455
10064
7325
7350
31195
4561
9391
24837
32159
25006
15326
15979
22232
29442
23846
22017
11276
29896
21483
31918
6483
588
16280
16447
28950
28895
31367
17081
31255
9679
26657
24557
20145
2198
28230
20814
16738
25938
7663
17408
27270
21365
20241
5425
17253
29886
13253
10412
29296
8296
9895
3499
11464
20129
14459
26093
20736
22589
16663
17161
7972
24236
30589
28162
12794
28713
21831
19739
7559
15413
18760
23533
22229
27716
32112
27062
18676
29878
13296
4596
15167
29192
32671
9011
27872
26188
23452
26659
2455
27350
26165
1773
23479
10809
17160
27335
24433
13938
26728
27591
6996
3938
23555
10484
25109
28034
8897
18595
24972
9426
26607
4865
8960
13330
8092
6892
24740
21557
10307
26887
21601
7187
12203
23821
25558
3166
24332
14693
19870
6103
4723
3319
15313
31681
8039
28479
24525
31894
28365
17055
31542
23290
28169
28922
31291
5357
7014
22142
795
18244
12728
20161
7912
17242
14144
6160
24460
11523
29647
260
9993
13505
4654
5205
29701
16955
28862
14067
22405
8938
25948
27731
30713
4374
30855
13575
17785
9985
23493
15250
17230
4706
8002
17274
2740
7188
27323
3743
27358
22544
15770
11466
19003
4505
31331
27017
11512
18358
16718
19515
1222
19941
24118
24167
11741
25870
19889
11346
15680
24758
7553
13264
1091
11381
11307
13658
27979
17834
3045
7009
5590
32109
3253
27618
18875
5829
12760
30779
17330
5403
5729
16189
22294
20207
1314
13698
26346
6346
18383
26624
19995
7284
29025
11487
7428
12390
10169
22152
20535
17282
12422
7423
25723
12546
17768
12658
27665
4271
29526
12306
2364
22355
2365
25633
29184
23408
23017
4684
24873
4658
21801
15676
6287
6307
15406
6248
22681
23838
30005
7469
28928
32006
16998
30240
20181
10935
24571
13475
11206
12221
19876
1206
17053
24389
18218
21264
11529
3280
12371
6511
20129
23343
30727
17708
28966
30635
14000
27666
30216
5508
3047
17264
16684
15773
32588
3437
16621
18037
26805
28828
14177
2137
9100
28112
10461
8664
4466
26674
5051
24696
12328
29584
21850
8615
18096
23800
24679
16372
28079
8582
10331
24703
30486
18298
26181
13486
30977
19853
6858
1058
32736
9350
29034
4842
11220
26376
26885
14326
15708
17326
26013
14286
21808
19802
3933
14212
27501
9673
8922
23526
16883
13931
5786
26873
22027
27506
14803
30115
5454
9513
12404
1960
22978
21384
28777
11224
28997
28677
9243
24198
13359
18860
5687
22587
28467
22386
2737
4780
9350
1223
10504
6634
26691
11370
23499
32217
23567
13697
18780
30691
3577
1769
18932
6381
16035
17611
32487
5002
21159
3184
28458
30319
29492
8790
19730
27432
8696
18051
18782
19721
17475
8985
6008
11366
26985
2347
1784
4615
20584
28623
22122
5846
28874
26996
9041
9179
2765
886
7020
28266
706
17392
21303
1179
2995
14802
26037
32251
25928
21299
16749
9345
12523
28136
18098
10692
8747
22101
6952
15466
3678
10371
22148
4580
8075
18291
27795
14425
11911
24242
30846
17631
2141
8750
19788
12785
8947
16456
28584
542
1259
14890
23781
31486
25800
5723
17215
3178
17234
8592
3940
14316
1339
12742
29491
3189
20482
8077
18883
2638
11800
27047
31911
849
15938
14033
20080
19289
29246
10721
11892
19703
8361
15377
31182
22119
28192
4507
19878
12994
20902
31878
20147
25460
14405
8639
2557
3569
3064
29803
21224
29092
8649
31612
17006
31272
21303
5506
15276
16827
18138
11972
6560
6128
11338
7568
27185
24740
28476
6351
23151
24370
9710
31964
14365
16875
16070
21143
11373
448
12598
19637
5130
27202
13794
12122
6235
24013
18949
21993
28167
10751
528
19227
23732
111
28565
10062
29717
26524
7780
10528
4643
14372
27892
15421
7850
31287
17412
25205
8200
14154
29057
13074
3377
5136
10923
25704
247
18086
31092
5037
12937
15630
6440
16139
22329
2014
1619
9716
20866
23865
17888
950
20809
18431
10110
22607
18787
22337
1864
13186
24152
25080
21156
13866
12902
13046
21611
15823
13001
12572
3147
28279
19002
22478
5482
3774
7350
5028
24652
27177
12416
22370
17399
11704
10345
32043
10837
29370
29519
18417
23513
27621
5348
6448
11877
26790
27568
11996
7020
8886
6234
32152
340
2542
27171
31528
5150
604
29875
27945
16712
18582
13080
4095
2802
28750
23564
10768
7745
12583
19318
24368
10497
30151
9524
22619
12942
24878
5400
5034
31732
15942
20528
28800
11093
3515
15179
19460
18059
9740
23224
16853
16655
6627
28497
25849
8473
22690
25785
1302
9
15678
29921
21476
27142
32592
9425
32482
24805
14953
32421
4424
1612
32678
11477
12861
12567
9605
23226
4939
29178
18935
32334
8976
19304
15031
28468
22582
8372
14297
28408
10405
8311
17574
1687
246
11825
31399
23874
20523
3891
4864
27743
31646
24252
6656
13521
20280
3426
245
22905
15843
28595
581
17148
1602
8221
3002
12487
3999
14347
8990
23377
4901
9297
30984
2976
25935
6346
7669
19471
29600
26431
3482
5710
19093
15755
1145
8874
14296
3837
21427
15503
23734
11518
10013
16459
17619
21236
29077
9748
21788
10598
29591
15949
9982
1120
4107
773
9173
24857
25441
8897
29864
26323
20704
10363
6675
28419
31291
25834
16516
22706
21862
32004
9387
11043
21671
16834
7211
19382
21744
13603
5782
19212
18028
24691
10904
3436
17240
24525
882
21093
2324
18143
17066
24501
1914
17133
10753
21354
31342
7704
8614
24903
16822
2017
28329
32617
27405
18153
11698
17963
8818
14330
26099
1862
31942
15947
18523
24637
20630
2304
28429
19448
4406
20977
12560
30638
24591
31148
24136
24329
18489
9405
30629
29573
22605
15917
14234
21274
3700
840
32465
21018
