9250
29911
16573
15727
5851
2558
10382
16997
15356
17105
14522
18483
21724
4499
14214
25819
9474
23305
10417
14062
4941
25311
6220
21769
27506
22343
1996
22176
21420
16355
12638
23034
19118
21477
5498
11133
16861
31605
1723
29228
10172
83
10222
1390
30375
12733
4201
20497
7109
32659
2718
25742
19000
20665
8431
9871
3734
6333
27844
11694
13981
28857
23515
17792
24866
14203
24544
11986
19019
31972
15422
1586
10238
15502
26164
29618
10905
11185
11051
2024
30180
7752
4423
27193
9796
18287
9788
15448
13873
22800
12387
22281
22505
18110
30221
17451
5990
12257
3863
6645
22670
13588
29886
7040
1451
15563
17333
17029
538
27449
25717
5737
13639
20849
3541
29814
16857
6091
21978
11628
15657
10121
17616
7224
31481
6074
7833
6659
16739
24927
22086
29550
30991
7885
24548
17180
11689
23122
21656
21874
29330
12315
7407
31130
32726
18261
5487
25550
7007
26259
24946
1235
8808
10096
24628
31427
18228
3445
30762
32528
22271
1085
11413
30150
7221
2262
12632
528
12514
619
28934
17406
21865
3616
14656
9093
8058
16958
318
19656
5438
11408
32427
16789
2260
4109
31926
9267
18433
9654
10598
8027
29731
25794
19757
3972
5735
5625
8385
20836
17468
13918
13607
22963
26632
27920
8720
31282
537
6258
28265
30700
30174
13962
26414
22203
14167
11431
22655
32271
27850
12871
23797
6891
22712
25399
14134
25392
8207
15612
27079
7710
16545
2930
290
5656
19413
2227
17417
22439
14748
13370
15897
25026
26535
9545
22690
11085
6360
23687
30134
8671
2294
22766
16768
1480
26788
29668
11735
18259
21908
18600
19475
18760
8952
10992
31008
11445
1593
28881
4049
2542
31724
5086
5494
15059
30978
28052
5296
6737
15422
4854
6788
23852
21485
4980
2479
26619
11217
7953
14393
18036
14174
22469
2893
10217
3113
21024
1352
1299
157
2353
31248
21263
8943
18854
23975
26534
7253
22580
24832
29393
21619
22330
20753
12668
26902
12193
27689
15755
20005
262
8580
7963
10709
23835
28445
778
16667
21066
20931
15033
2151
2460
31599
26896
11407
31706
17365
195
10249
498
1849
30676
14430
17563
26500
21594
18395
20284
9111
30336
8074
18954
30943
17360
30049
8049
17193
6066
10936
4278
20152
7471
20225
32218
4245
30203
15027
25793
14631
21171
22151
23444
21763
24675
25319
2659
28677
12107
21411
26639
28320
30435
5095
15975
4466
23324
18026
14737
22300
5865
21991
1708
12368
12286
27089
17843
14892
6103
4931
21156
29382
24061
17974
10722
7176
22405
29430
27608
16574
24537
21463
17376
4077
5819
17187
13923
614
16262
11608
6721
32412
9655
29584
16755
28339
10925
21057
5359
31961
24749
8230
10187
27097
22313
31101
1446
12781
31810
11123
16452
29652
14219
29661
120
20005
8720
26920
7751
9955
32663
7827
1098
4433
23845
22683
25172
17928
30916
26039
29525
24902
22148
28486
23166
23433
9920
22214
23462
28765
24994
29510
29421
26482
15337
17182
3999
29681
22762
26077
30299
7696
24021
29315
3700
27365
19002
32241
7831
13943
14796
26013
15534
29723
29540
12938
29957
18686
26953
10360
27819
13566
3758
21848
796
15806
9852
13570
14108
20473
28498
15658
21222
19222
20682
26000
9094
27389
28159
120
16260
1066
16716
30554
8386
17919
9558
16346
5543
30559
28492
7418
19837
24952
32365
143
1048
23776
25803
8434
4281
13540
3407
5879
23602
21789
766
6179
586
30020
15738
8473
8802
14150
5836
9302
9049
27547
20064
4382
28334
28628
15697
18102
26340
23412
8168
18388
7467
28417
6239
16980
2620
31067
20202
16172
20101
10060
21240
3746
15750
29023
8629
17597
14459
7158
30164
23033
7227
32151
17549
17470
18016
32647
3041
7187
30120
3226
22053
8720
2459
25161
5822
14481
25966
30725
17450
9650
31272
28875
21312
12663
15363
19193
30648
29770
1813
16992
19949
27051
14127
6298
20962
6947
30470
14237
18307
30585
2704
25233
30766
10793
6321
26847
26994
1810
14359
3979
28951
24175
17251
9411
19038
19720
14473
29112
4233
23722
10105
32428
17054
2260
29695
23884
13417
31667
28391
27969
4288
5968
2662
20226
20747
7945
11701
30956
19971
5438
27647
8852
19897
8524
8829
31324
13018
4543
16864
22852
12594
20163
18159
26883
11120
20700
9841
28759
7721
28631
12365
14745
15391
7681
11760
18324
8130
25494
16367
19607
13815
11900
16109
6089
17945
18993
9152
27837
15165
5123
15055
31046
4795
16255
9918
23949
5098
16171
30286
31328
13610
9592
20862
31181
21032
4594
503
17904
5981
32442
23206
25097
18136
566
17067
22993
14910
22791
26482
15119
17935
19515
23071
19814
25130
18372
7216
31857
15252
13609
24413
10258
4981
28284
31939
20230
3939
23948
26434
18365
24291
7003
7460
31593
23085
9171
23807
22358
32304
29108
8668
26745
27094
5841
10904
21835
16521
9340
4235
10712
5622
30783
12648
10770
18193
16589
28772
7788
25689
20279
4763
20132
4445
2147
15023
7904
32127
2747
18354
765
23032
23586
6982
15396
28956
13356
2818
5278
17119
13966
280
3561
19097
12755
4149
13579
20998
13905
32425
4390
30097
6492
3272
24653
15826
14521
31376
5782
29269
4693
4236
21360
2461
1079
12279
16695
23144
18612
11813
4870
29237
738
32543
5325
13572
28495
29582
419
10845
3314
3546
5213
7059
21089
12946
1631
26442
17221
14351
28850
11831
31243
6484
17239
15655
31197
20537
18139
22595
23761
6857
23596
19346
12896
12264
28331
25791
8729
10041
19586
14877
9878
6206
22840
25320
29872
13505
20099
1230
25327
25203
32605
23213
25924
6100
20825
6303
28923
82
24632
20788
23787
11189
32695
16382
4592
19642
4012
7507
8091
19198
22097
24398
2343
11294
21728
3095
24239
6173
19040
356
30367
32006
22718
21824
23401
5586
31
13324
16761
22667
25717
24515
6506
4018
4432
13442
4730
8927
12280
22087
8507
21159
25528
27640
24204
27586
16508
2984
21192
13677
3999
15383
317
7950
22270
12151
18400
28951
22097
7030
26430
1324
28347
21112
18102
18824
10399
548
18662
5021
19382
15139
17507
1530
15710
9764
29869
3442
6453
2596
30562
14715
14311
2028
10673
29652
6212
11995
31250
23403
24214
20197
564
18045
24113
11228
32055
12287
24907
30190
28188
5181
8974
11120
2682
193
12268
18394
15730
23414
8243
25618
22244
9485
24801
11245
15075
15008
32441
19699
9575
23189
10134
16994
22082
28870
22016
8822
14678
28126
23293
20712
24324
11782
14889
15028
22760
12994
3081
32544
20163
13333
23197
10746
24504
19692
11316
25377
9148
18106
12420
14151
24904
18527
17402
24052
19280
27726
15695
8398
23417
495
14684
18457
7303
32322
22831
12410
30996
24518
9822
28160
25224
2457
4507
8292
25669
23008
16265
23696
30498
32617
6095
20319
10523
21135
19050
32164
27975
13662
16199
17773
10250
16120
9233
1161
19339
13879
3144
2119
6248
8084
22419
10881
22185
25160
21079
16345
6899
18609
17544
15171
27646
24566
25279
10948
23625
31470
21901
29049
27661
23614
19216
25306
18287
19394
18115
9024
13561
6959
9114
29093
18507
24054
31823
16043
11534
22635
28150
13536
7722
27174
26840
5697
23865
30633
894
4861
15931
5956
1036
32123
7051
1334
5073
32669
17938
8981
20763
13639
17850
1648
13136
20507
32293
23218
30010
10375
2976
6729
31139
24578
27730
25352
24098
30866
18873
27082
12340
1426
30296
20825
30862
22962
29609
26766
4274
22079
5209
5049
30401
16293
3764
25922
5008
15154
4959
10641
9981
23068
15429
27180
20100
21958
26579
11295
23053
24895
21608
28065
25352
13323
4103
9972
22972
12839
4176
21133
31964
21831
1710
16501
28508
15202
17617
14575
24706
32368
17759
12891
31296
14707
11494
7770
2497
24244
22294
4659
5698
17231
17453
20086
23075
1009
31410
27103
21054
9953
12646
9084
22391
7997
21880
8210
30356
5511
16632
5822
31312
6496
13710
12504
23466
8338
28524
8476
3203
30548
25729
13836
20584
1482
1007
27536
6061
3788
2496
16352
4283
19432
15060
20387
25514
2730
7454
32089
19475
12058
17
10230
1311
16263
26964
13519
15332
23939
14781
28858
31730
20527
7805
3185
18984
953
8856
14392
25037
8738
29849
8896
18396
10565
13443
24394
10398
8725
24074
30479
13182
23846
8963
10720
26906
22639
18970
8714
3990
12878
26051
8060
16693
19916
30579
24108
18730
3107
21263
15286
17067
16253
22181
24646
11848
15103
19034
28345
29051
9222
31907
32767
29824
26800
28344
28100
21094
32671
9542
12367
20327
21753
29028
21418
2421
2227
17865
18435
5909
25104
27708
4434
2160
7268
12107
6716
32423
28958
19520
11831
19816
773
16721
24304
23231
3778
19479
22762
12590
1183
11330
27495
30719
28558
32394
18315
17881
19821
17385
15039
402
15496
26887
26708
17732
8800
25078
18024
30627
12203
11807
25102
3981
26011
22652
11945
13795
99
18440
25753
14744
27384
29812
13082
2567
8212
21276
18792
11146
7297
4153
31528
23112
18068
26712
1027
20302
28408
13835
11924
23522
20140
2014
25220
20243
9807
21132
24051
22933
25244
4979
7706
25548
27185
30534
15151
2599
30868
22786
15241
13231
10871
11555
8709
30432
7995
11543
15272
16567
21428
22259
28806
29196
6700
5477
7138
26402
21418
9193
12182
7549
20084
832
9910
27635
28114
4639
2928
262
32533
7716
5174
7025
24536
269
7200
12545
22918
7724
31371
30630
22044
21526
32263
1226
21040
13980
3696
30433
12339
9468
14938
23874
20723
4184
13234
21045
5475
1638
32675
31565
11679
21610
23991
25592
22827
22113
10815
26196
31867
18047
16372
5700
12217
8412
7390
25284
10946
28523
20085
24953
12914
4651
26887
30860
27425
22433
3673
23225
13421
31109
18321
2467
29242
20924
13907
21099
26360
23430
24875
30848
805
21753
7979
697
19986
5294
26325
24225
19433
26554
1083
19986
1263
3039
31332
21253
4615
6660
5106
3496
21112
29923
26370
16561
12015
4098
20564
28658
3528
8932
10668
19758
23689
7296
16247
26412
21167
27378
18866
20233
20910
27505
27656
10194
1587
5761
314
21587
11948
15465
13764
14121
11018
26088
13758
14623
14789
11556
29184
2487
1569
8931
16521
19974
27569
5117
23586
12741
4889
17170
1854
3750
19479
27256
22053
7652
18629
6775
25681
26654
7704
18361
31000
26469
11693
7676
24460
3988
23749
27402
30112
12511
15502
13803
13964
26799
1956
22105
17522
5294
6359
8308
13633
31773
16175
30903
9946
9070
4909
25643
24177
32271
12628
26842
30518
29316
32232
21127
25653
25784
22006
12188
18811
14997
20884
6756
28795
3794
31594
8826
23472
1548
8561
27266
15747
31257
8955
19990
22126
28569
24564
9219
32354
2509
11623
28854
23910
28845
29507
7409
6018
23860
22368
1219
28635
16383
6589
29366
10015
13846
1548
23370
6435
16394
7792
27810
24011
28480
25477
18046
28971
32140
23969
28265
9963
769
19289
21556
27888
15880
6471
31394
8504
8624
1803
6245
32518
7749
7568
17737
26432
22564
23185
1968
2069
16589
13659
22078
10210
17978
24788
25045
5975
3184
28348
15300
3798
25939
14387
11323
31515
31422
12155
19715
32034
24275
32512
15467
8517
30352
6549
31878
4518
29347
8193
21139
18380
19072
16314
15037
401
28080
28400
17413
32059
8044
10701
26748
16617
12394
5372
13749
28977
2807
10600
22906
31495
17734
19782
26302
5344
11784
32341
26323
23320
1852
29028
2781
2961
25417
19222
4487
9374
22602
21986
13556
27423
32169
22877
13561
7149
26607
30396
20873
19576
5850
11924
18800
16046
2481
29669
12612
11295
28116
28759
13977
19551
7063
24003
9077
6828
21840
6389
13828
7889
31919
20913
8332
15690
12878
31731
17826
21161
5001
26235
1183
7737
2704
6793
10830
16352
25786
26854
23015
19786
8989
18467
577
16963
14683
26661
13123
20581
11966
7906
26524
20980
21896
4709
5811
25606
3204
17432
8929
27623
16097
24898
30687
3003
5696
31951
28026
19045
4876
5712
17038
29352
32522
4674
17457
28044
28209
1939
29999
7172
16827
1634
18871
29645
24956
15367
19283
25497
8051
6227
14621
17005
31135
22552
30769
20040
11795
6380
26718
32261
21837
23083
28961
10882
30404
3899
23251
21250
19392
10004
18465
208
9326
11519
25533
3622
9012
26269
5715
21580
16962
4908
22719
1284
22378
12294
30333
13094
2609
26218
21600
20104
28710
1663
3975
5920
17266
13206
2190
19309
26545
9648
12033
5650
12544
9280
8470
32453
8535
7730
29595
25191
4122
811
13869
13940
28650
16915
1963
7070
9921
4305
20202
949
11326
24917
27562
28362
25149
10204
29641
916
23467
22127
20663
1811
1433
12717
20778
30578
26254
25291
787
20018
26658
27353
27088
11653
24264
23367
25763
31992
17388
30631
22883
14677
22078
9396
30577
31688
5197
18580
9966
31808
17751
90
30763
4888
1119
20175
10081
32247
385
10354
2211
27637
28035
189
28688
5375
17324
15530
27213
24700
26073
11894
22835
24368
16077
32421
18628
7265
24265
9798
4196
2617
18012
24184
5190
3436
21373
10541
15140
27675
1239
22318
27699
9207
1892
12128
10582
27561
16957
6981
6545
25458
21681
31941
6081
14606
14996
4399
6539
17119
2777
1403
659
22087
1124
8146
14318
23894
23833
8784
2009
28581
1849
19208
14763
29313
24814
5448
23048
1100
548
8223
5976
14113
7323
24093
17015
24247
8762
29274
18350
30088
9639
24249
13283
23858
10516
26478
6668
32285
20316
20414
27882
2654
9038
21510
8435
26587
26952
1279
10896
1456
12041
26688
11400
8402
3520
517
27324
15346
21096
11310
21782
20133
88
24203
16060
28609
25110
19542
5513
32522
7277
31489
11709
4622
30655
13875
30195
10317
21404
1293
10068
27293
30866
1201
17931
31181
15431
19461
1528
4233
11206
15540
26537
31869
12311
25974
8582
12990
24850
22930
10571
869
31348
8609
29116
12413
10035
10644
12436
27679
5903
20472
16574
475
4714
31353
29895
12122
89
21413
28052
28738
4859
5619
18768
16730
3594
2052
16041
7919
23471
3624
30780
17014
25499
29988
17485
25458
22611
23091
27836
32664
28363
21578
19252
28209
13367
17056
28070
17089
30238
25710
24310
17126
28848
7667
26612
29570
14169
3772
23693
284
2966
23842
18755
1924
5640
23316
5338
31926
13767
26647
27220
17153
23032
13450
32544
9833
6562
18991
2447
18761
32189
32231
31623
17469
12684
11965
21883
32062
3373
30246
9626
31247
11887
11655
1863
12761
5091
27896
14026
8722
28214
26440
3397
10914
7101
18241
30953
30025
594
29229
17769
27707
15199
21401
18607
1038
17976
5720
18383
23766
13486
28363
10297
32399
1505
23136
16690
13499
9045
30809
24965
19787
13384
24527
23925
16067
15171
5878
14583
31130
12784
4002
16926
26847
5931
19722
12247
26147
9051
5836
6358
9362
5891
23858
22224
22371
22420
12980
10731
6003
20102
32446
12403
19500
16038
19891
1742
7084
946
25137
9138
9763
28707
27543
17557
4221
15690
1476
32357
8770
16798
26146
18042
31418
24917
23012
1993
8532
27953
31115
6234
30024
25501
13743
8956
16508
18424
8444
22839
29093
1073
7035
386
16814
2196
17170
13750
18525
7651
19791
26051
17460
7593
11873
29345
6549
1227
12647
30090
19754
5216
26094
1895
32132
29890
1716
7304
8194
3813
15794
18583
1269
4072
26970
32463
26369
19178
18206
8809
2503
27935
10033
31575
11200
14371
3473
25397
20332
13966
25669
15997
8109
7880
8931
5626
29549
22559
3926
25727
13447
22038
31710
27864
11749
15872
9816
11265
1254
2766
7360
15254
25090
8998
19188
14475
3248
5557
5563
541
32391
28613
9989
25864
12708
25106
20341
1787
11853
10201
8476
9801
7123
25651
10120
481
22717
27041
24829
32128
24098
8168
23810
22053
29271
31775
9247
31430
28363
16134
19686
23873
7470
28057
25136
20373
28633
14309
32425
16722
6506
16923
16783
29006
18350
995
182
26522
1477
12786
23504
19380
2432
26079
5355
27390
28686
30770
21051
879
11736
16575
11546
9865
13737
12594
12877
18571
6930
32234
14217
20455
13325
18699
10805
14582
32224
974
15218
8683
18756
31260
3417
21254
29127
15452
17795
5898
9327
23433
10447
30704
31136
11143
9311
13277
26175
32695
26596
32338
18456
5577
29980
24994
4477
8913
18585
21674
22576
13981
32707
22716
19332
26950
8224
13276
21950
1798
25555
6959
27841
11849
12131
25008
21995
5127
5310
32549
24890
25168
1918
850
24499
25897
9834
18796
22788
31126
15936
32720
17512
29432
27058
22517
18635
27289
29358
29343
18479
11654
22754
23638
14926
15517
8576
11799
6784
4838
21566
9801
27872
9767
18850
19954
7850
21938
11900
32299
17896
15234
24756
22994
1102
4998
2373
3966
4450
11581
6026
30648
12256
7043
441
25448
4700
5803
28333
11917
29481
17613
11496
27441
25466
23649
6872
14493
5575
21773
25689
6857
10098
6844
14716
26134
11691
30448
25222
4927
2449
9305
21820
3981
18329
16550
12126
23883
3636
4251
14962
6266
24492
19044
23746
13254
13135
23081
7080
440
10704
21730
4873
24108
24810
3437
1568
3078
10822
32733
28029
6945
10655
1814
9805
27272
7716
4247
9947
6889
23326
17046
23639
1350
13266
18514
5591
2542
24233
14501
8347
19372
5006
19160
31125
11070
27032
19900
14376
5896
14313
5366
5681
778
32214
20635
14660
7440
5704
765
8504
4392
14945
2244
24549
29273
5987
26432
32300
7058
31694
21757
12856
7393
24521
12440
19204
2277
19651
22994
29981
13958
26714
8419
15530
19171
9852
16401
28841
8076
26316
4992
19323
22770
327
844
1187
16668
1575
21461
12235
15003
13575
20570
3335
24511
28489
970
11870
8715
10677
29654
5767
32231
8546
4683
13552
5781
22490
22687
25349
20070
6777
16841
18094
12078
6422
5718
15897
14069
20454
16058
14523
23791
18588
4068
8593
25263
30421
17941
16044
17815
13236
8689
10732
25747
7369
23511
18188
11783
23096
24942
23262
27141
4119
4480
10200
29892
32535
27148
13264
32077
6247
23702
6916
7288
2261
15554
5213
22551
32567
32033
2805
26225
12809
11851
28886
17906
26711
29742
12037
32032
2526
26021
22207
5841
31342
2637
30722
11931
17554
27284
16719
8589
22387
26130
19631
14108
23546
17437
15860
22112
25909
12951
5697
7041
32764
9995
24780
24940
26068
22008
7395
5066
22291
13421
2349
23858
24645
14294
13363
1437
3791
18454
30238
5403
22738
6102
14274
3781
15442
22300
10972
22515
22936
29727
22424
8111
3284
24154
9047
23145
19207
32735
13486
9708
17952
24814
22706
10640
7269
10694
19827
18097
5909
30395
5574
11617
15436
12937
14920
10586
14374
27368
7071
15158
24871
21344
14851
20963
23515
27231
5630
14417
8633
29833
3695
2925
28493
16975
24533
19539
23959
29635
10442
25279
10926
11946
6094
9157
30120
31443
9798
12483
29118
14504
1220
17043
21676
26115
7305
13573
1111
9539
19017
26252
18354
15006
13870
16439
32482
29625
27935
31203
9889
11637
8001
28336
10976
27660
10174
5553
19632
14686
16838
29416
8034
15749
3796
5233
24813
17839
21043
28669
12689
11565
1472
13442
28346
23751
11249
25649
13607
21587
790
19113
20043
29318
32223
9066
3316
28425
9503
1164
23850
15055
18127
25009
2906
15015
5718
15160
1716
4109
8712
19891
8913
25670
16876
21915
7321
27052
25538
15171
26212
1862
22596
15115
32607
25243
1453
24022
23090
15304
9080
21950
5855
20433
25450
4870
5101
13621
11218
9551
6855
26309
18192
15631
11103
28853
11348
24896
11030
29684
17832
11605
31456
29625
22321
11122
14499
8543
27569
7900
12257
6770
27217
21167
15767
19722
14750
16591
11109
30295
5073
9504
17902
28542
28755
20730
12930
15523
9856
21207
18427
4679
11692
17999
28388
17621
7779
24647
19681
22135
22773
2917
16202
5934
30002
10439
26906
2850
24435
18676
22536
2871
18138
28946
1267
21472
16602
16474
13187
30264
17913
2506
29966
24399
27604
13849
21176
27073
100
496
25311
11662
27265
27735
19894
549
29604
26990
1327
26306
24305
11613
13343
17658
29045
9101
10397
16789
20396
26137
15786
3995
21574
18815
2072
31153
17450
20636
19108
5542
956
7383
30054
22090
12635
11932
13419
28543
18734
2572
20896
16530
13857
5106
28145
14539
29738
15097
21939
27202
10193
16669
29759
16117
20207
14688
10976
1048
28342
3518
3824
16300
25329
8546
21309
1107
12941
25370
24754
14179
3417
25609
25139
32057
22282
18076
18376
16336
25474
6591
1278
914
18514
29776
3722
32365
26493
25811
23344
9514
6015
2408
27619
8954
3213
25595
7982
28498
26399
16059
21458
30201
2988
13517
7857
1376
10164
13121
6122
30513
2052
1605
838
18218
9270
18072
22483
3116
887
15170
27342
1935
24205
899
16838
16057
8984
7433
20479
21231
15383
6757
8981
2922
17327
7616
17121
17838
552
27594
18592
16407
24121
10996
29010
29365
8837
8927
12129
27226
15461
4116
32643
23024
22504
24565
1249
22032
32024
26868
12409
28369
4735
29442
30657
7134
26858
9290
24205
11980
13421
9760
22578
16298
5799
5684
17388
18393
7751
6156
2173
24350
24527
6833
4887
20213
2969
9896
15740
28712
9495
18467
24420
1697
16222
27001
3871
3964
25318
12756
21883
13665
139
15401
22760
24337
5592
14958
17370
3134
26245
22791
27247
29856
28478
30337
29522
7493
30119
898
2015
22569
22940
7936
20360
25094
3005
17074
14967
4717
19754
5060
24436
21014
7307
11215
28938
19317
29780
28168
3557
2445
15943
15544
28799
30985
8250
8940
16892
32649
1562
18029
5202
7482
3376
13810
18348
19625
13475
26517
24337
5337
30526
31620
2112
403
12916
5881
23263
30205
32417
27500
4821
3438
23699
15879
18933
32385
23625
858
29916
13416
8442
25424
10012
4739
26202
14689
25242
5681
27416
25866
30260
19175
25771
32378
12199
17535
24654
17295
25776
5074
13641
20736
6002
27016
27763
31708
14872
23343
16629
24371
21947
32395
7760
29202
6278
20269
16290
14773
3864
4679
21541
27641
3369
11455
19704
5648
2417
8066
14370
7032
28869
7707
19668
8494
13444
29572
3310
14623
6193
10556
8133
25055
609
9369
18979
11933
21720
11872
10128
11095
4079
6291
2256
20810
17721
30346
7085
8109
7525
6981
16375
11422
30054
20993
11720
16989
22226
1289
20748
23736
20360
18127
32321
6854
27798
28987
25724
30936
23642
20291
24749
26285
31719
1212
5667
3557
21417
10352
28755
23736
18253
17520
29141
10472
31963
12460
29871
32500
16165
31680
16342
29071
24421
22033
5618
32080
23074
13081
8546
21675
17235
5375
24960
10272
15815
13931
32038
16050
452
1688
7793
29339
14063
11179
15300
26174
9579
32579
29200
1373
581
14673
21587
9868
23312
15658
21599
24806
25804
15578
10461
27134
12813
9915
21649
4121
5209
4423
13024
9370
11473
6443
11663
27325
28691
26012
32717
24200
8544
18158
10868
26623
2298
9059
32140
20120
27088
9793
23313
238
31325
25895
5877
1209
25806
28576
6249
8958
4707
31993
8281
9347
17943
11344
22837
12934
19075
2798
5111
12206
14080
21719
22114
7490
4108
9118
7815
24729
18159
32638
32654
31954
23710
1703
31667
5317
11231
7894
16271
18744
7854
25896
8857
18263
21215
20528
4332
7006
29190
14407
16971
7065
16532
14883
25186
32654
10306
10156
3662
30585
16819
31498
19296
22520
8532
3
23326
11784
27528
10116
4235
20272
29698
14717
2729
14844
27761
22770
30779
23213
26211
3664
18639
2095
11363
19453
28412
19787
13925
8498
6121
21022
15717
3853
31758
31178
12874
13282
11583
2155
7184
16595
1510
25933
8486
28064
7568
19804
16405
24256
26283
2523
31587
12720
22925
32601
31927
9099
20665
10465
29501
1499
31326
21362
12620
30126
801
11694
19783
2285
24092
32726
18881
26090
20007
8182
2276
31032
5206
30301
3859
15807
26563
9808
22734
19215
6797
12032
18390
7669
4128
6329
27538
20300
26807
603
10418
11542
1568
8974
1042
27084
19903
5170
5345
22002
19414
30613
25090
22509
7172
19945
11954
5657
15115
4469
31340
1815
9686
26890
14345
23652
27066
1849
44
31536
2556
2499
17117
30573
24211
27985
15476
17702
20528
26981
12729
5138
5500
18577
14153
2409
21920
4327
2108
19446
21515
4272
12292
5742
2415
9057
2968
17408
19981
17098
26067
2861
31027
14481
13078
23258
6659
991
12341
3491
11637
18265
26769
26483
30112
21330
26497
4433
22069
8254
6391
1917
23116
19818
7520
11708
18275
30699
5323
32240
24995
32213
9550
1259
17766
429
16549
8581
31223
16928
27933
14828
8600
6644
5553
23356
27338
15424
9586
30544
9928
216
29228
13527
10581
21772
14918
1450
21943
9362
14826
30557
32004
20160
7014
29203
29084
31742
18130
22935
29687
26492
21747
17577
23713
28960
10592
16022
10114
3011
30691
18188
17507
23452
14626
1067
20654
6396
21119
23263
7797
2876
30012
24942
11446
12276
30947
24653
29918
25198
13541
21816
12683
5979
7553
11393
662
196
10215
9385
4689
11843
14750
4141
8205
32114
10019
27042
5088
28324
1491
28164
32677
12755
21770
12620
12611
32730
17037
24896
14899
5092
3621
10895
4156
22821
20621
29725
11137
8392
10638
25756
17854
29736
6505
26204
7887
22338
2421
7524
27250
3947
18441
961
19277
16958
31644
8222
32563
217
20779
2709
8355
4937
27100
13253
8593
6210
19424
8741
25449
19731
23197
6551
4178
4570
6669
24897
6576
32244
16737
7064
32748
6328
24811
25789
18295
2661
7994
11021
16140
22872
20871
30196
31542
1923
29520
3841
11027
9242
16706
16704
10839
9615
31580
8900
29843
8129
4690
7299
23992
10865
17455
9319
13271
3061
27711
23969
11818
31792
2604
4929
19800
5057
17511
16643
4341
15227
27081
7788
9800
12309
13947
24598
29778
28195
24595
9033
10507
6725
11519
14282
11247
14751
6951
15352
6585
20105
22990
16148
11631
11655
6841
24033
15006
7803
32404
3437
7399
7705
8337
2094
16570
21404
1362
4432
10594
3767
28937
590
6210
25039
26846
22208
14686
11367
25489
10868
31005
10716
28000
23999
26445
22610
17195
21525
19303
19438
10454
216
19988
16966
32495
13934
23537
2581
23440
27542
9615
4916
10887
27388
24767
15045
6325
8459
12044
10161
20148
31746
19848
19286
16061
4682
29132
23161
2504
775
30778
21122
16372
17645
18309
24296
42
22356
3444
13034
15101
2447
14562
11136
7381
19578
21770
19857
25421
16979
10753
29798
8665
203
18052
17503
14764
14684
22260
13796
2265
15324
28063
19615
5304
1875
8257
20200
13195
23818
7883
4481
31073
2532
10082
11140
27707
23025
31659
9881
17262
27201
15174
32620
13896
19702
18328
2655
7670
13213
5326
4220
28325
5055
3102
14509
19432
31154
25424
4399
15450
32181
3454
19780
16516
3901
10520
2856
20737
2697
3882
13895
2015
19580
26594
22957
31049
14508
26701
30398
32611
26039
7521
13351
32118
25558
26688
30996
24141
20916
4027
18596
20959
13184
2837
29081
3630
16448
27146
26197
5998
6505
32272
20738
21354
8365
10461
14352
27684
24597
29737
18148
17851
14415
22197
3790
2962
18761
19084
21564
6319
18687
6281
15406
16225
15505
32025
28138
13350
18328
2626
31985
8139
1466
27365
12081
7381
8828
27456
29564
9248
9048
27318
7225
11462
6160
6867
12890
834
9537
12171
29838
7126
7483
25794
22199
25642
6928
32018
5534
22581
21483
7624
13029
24160
4771
11311
27966
12009
4496
4114
2267
19078
9886
32636
31782
17484
30111
14274
21681
25294
7398
18371
26736
23689
4113
20335
10022
13184
5414
22662
8221
29731
6114
11426
4122
23413
18253
19576
2960
10350
12690
27739
6420
7326
21006
6658
20497
28692
17831
28554
20413
15486
6495
30654
8779
9106
26408
10135
24675
13484
13563
4351
10447
21944
18980
13018
16503
13138
28384
2631
28303
31788
18985
18723
26895
27568
20945
21968
25955
26599
206
30772
8548
13978
18389
22532
30856
3511
27690
12354
22869
757
18614
23556
12060
7867
9562
8312
5091
5695
6275
22565
24227
28907
9982
25459
25012
7428
5646
622
28037
14221
9148
31687
27536
2921
6511
13595
9613
3009
27836
8312
3302
19877
25215
8990
5740
17654
26667
22914
32328
18563
5982
23705
2100
8562
6073
27730
4075
10722
21230
9061
32221
16078
12058
6219
29736
2356
17238
3981
18372
25207
14984
9026
6653
22531
22656
979
9767
4655
21824
13826
6029
8807
666
29227
31658
31882
28673
2249
9372
8081
153
28731
4053
12658
10128
24521
9492
4675
16049
7138
24979
10915
11062
22439
17282
31062
17630
20398
2485
9263
13120
511
7066
4147
13663
10083
11629
17659
1918
20959
29871
8026
23350
21627
212
5952
5573
22599
3132
7390
18601
17056
22884
20747
6254
20656
28766
7399
1476
3124
20606
27838
19668
32130
27223
4655
20180
16074
30181
4493
14809
21660
30988
24197
25325
28586
4673
19457
1634
31696
23432
13133
25190
8273
31134
5752
24535
5476
11127
16894
15704
29423
28139
12707
28836
23698
1964
15522
12834
12007
4475
19719
26298
4616
20123
9818
23528
5458
27014
32637
2574
14441
26848
29655
20751
1404
28841
4019
25369
8395
9142
31714
20930
29030
14690
3240
29015
18231
7041
14294
1648
8770
8341
13875
29128
32556
13893
21536
20044
19706
4106
13692
13682
28700
11820
4294
7628
30378
20717
9601
2013
25069
11267
29149
27947
10529
28236
27539
9621
22905
29118
16401
14055
30564
10141
24535
17068
1295
5360
22817
1604
21035
29493
17862
8502
30960
18772
20576
5575
11362
4306
5293
14283
15315
15175
24373
32187
28585
11282
4141
26632
9057
31307
9628
29359
16596
3833
12476
17678
185
29573
15011
5109
5228
25711
23586
27137
7406
31808
3310
18981
4908
2752
28157
24714
1412
27752
4915
13721
20101
30234
4158
5974
10486
18704
19647
11503
17690
8979
25514
26772
17203
32493
4591
19338
14149
6432
30810
12411
6684
11480
13495
4113
19344
32031
5691
29635
2568
32336
28959
2798
829
13262
21902
5671
25153
5621
11713
7376
32447
5201
1897
8425
4484
2062
3149
17705
4670
10928
28212
6477
8836
25861
18949
177
10775
2647
17965
26397
2152
21477
28737
14305
32602
12437
7652
19236
15176
15587
21740
15737
7242
30493
32448
26035
9396
978
27396
23803
12512
5768
25977
19743
23598
21165
25374
31021
14152
14544
2716
13377
13227
29713
7136
15003
26723
7126
31498
8436
5141
15808
25222
19986
67
17374
120
12955
10700
2848
862
13095
21170
15886
23025
30872
24864
18361
10827
6830
12204
29426
17487
22742
13017
2491
4934
21827
6112
2299
21190
1600
16560
15478
2776
20933
16691
22267
5977
1864
16851
23263
16033
11221
27453
26283
7011
19553
16228
14866
24020
19036
969
1830
10256
22149
8443
25547
2489
3586
7001
28523
24289
28080
2335
235
5674
4024
10657
28894
8747
26467
465
21497
6678
28463
8711
14791
19864
32034
30978
17310
20481
12638
22570
10194
16037
13046
3351
29992
18050
12032
13399
10894
11555
19947
10604
30473
24772
4883
14357
13806
21430
23187
29391
31573
9989
26970
21146
17611
26713
17282
1024
8775
26394
15581
1364
27488
25815
30672
31288
21692
9449
18020
22625
31180
8019
8602
20895
11958
23277
11007
7959
11923
12994
27777
4563
31195
2742
19073
3198
31005
14188
23593
19048
14324
7526
7680
6097
19510
19310
12987
24419
15726
5173
9815
12544
141
27451
26468
9662
23516
2286
27300
17712
18229
6678
11476
20456
7283
32368
1738
4921
11303
23193
1984
10818
2701
302
18928
20519
10430
30514
30049
10146
3622
6064
25856
7099
17977
6817
8690
15827
22114
783
10537
17639
20540
14459
12085
4627
21509
20349
22109
24149
5968
17834
2799
30100
17401
13498
31188
8929
17246
16619
21863
12796
18892
18080
23688
10778
13880
2894
22507
9701
6704
30104
438
27845
32273
4281
2892
12638
13689
24355
13667
6490
22527
16485
11869
29288
12834
28242
10965
14468
17024
21856
27768
20858
5961
19534
11030
8613
8178
28426
5112
24061
18222
8401
21365
16209
26906
31128
23744
31440
31159
8875
25604
9166
28574
26260
16051
23237
18159
30782
7707
28058
12427
13658
22586
19746
16771
26626
13011
31717
14032
19356
25793
23074
8516
22786
16780
29459
3520
7648
17210
12145
32168
9053
26215
4411
17300
10237
3224
23732
6216
12485
22733
21163
31719
13729
14933
24574
14179
27908
6630
26209
4664
31438
23789
604
4186
1650
13091
29331
19563
31832
25185
1098
16946
32384
1205
10536
7497
18537
27829
6715
24597
2609
9235
11325
30459
32509
14450
14614
3025
17051
19064
17057
11667
10854
4901
12979
8280
9578
21347
23642
27012
26569
25054
8802
27710
25950
19221
26398
10789
24479
14258
10597
31806
2760
3350
29402
22577
3638
31801
31600
30134
25616
29361
9774
26698
23597
8720
15152
294
17970
4467
751
3441
1787
27992
9922
17589
7485
2480
31396
31632
22889
18998
5175
28332
19667
25854
21257
14832
13331
13137
15894
20472
24747
1208
23183
1475
26091
10327
24538
1708
3346
8316
27866
17564
21686
13432
8816
14461
32614
21678
18242
1778
30093
1257
22715
23877
32409
16627
11603
6817
5469
3939
3088
6529
23476
14006
23884
11624
29032
18593
22714
10451
12882
30630
21668
32619
8130
27366
6774
22656
31009
1078
25728
9651
18388
19572
26872
4594
25188
31260
5694
23722
10972
17942
25700
30007
3187
722
24558
27296
31851
10647
20950
897
569
21016
10452
4680
2790
18505
2012
22948
2997
13424
7655
5435
14342
2431
10998
31388
20090
11681
22100
18036
16728
4371
14876
10756
15920
10037
18428
11474
22718
30177
27448
22175
23824
12027
3058
13722
3307
2121
22440
5331
19564
17797
29438
30450
491
10417
30910
10537
11556
15531
27165
615
31129
11777
29760
8911
20530
9734
12030
18280
11303
23590
14568
1558
14111
20854
21638
1481
28826
27279
27364
1780
25740
23453
5965
20545
13642
6835
8279
21379
31914
19554
544
7915
18534
24201
28118
28288
13762
17774
25213
29129
28783
3854
17132
6604
6318
16562
3353
829
21689
12995
5783
20719
4446
24287
29277
2702
13805
21548
25545
21392
20308
17901
741
3689
30345
26707
30184
16382
30248
3989
25600
18269
29534
17731
1358
15787
7685
18391
29746
4701
11280
10381
9162
14252
9258
31604
8117
29506
15258
19909
31005
10042
19306
22132
1268
10055
8392
5382
20349
28211
11436
21154
26895
18316
22203
14698
28694
16794
30572
30220
31834
31635
15721
6035
20356
9234
568
8580
28382
15302
21018
1062
2650
28775
11059
28449
21718
9199
14316
12874
12702
29702
2198
8382
23346
21950
4176
10798
26442
6528
26922
7801
19480
27463
9098
20352
19149
8971
9423
1334
25438
31105
22837
30710
13704
29953
15608
17690
29458
8903
189
4553
18258
28767
19757
20496
22514
14683
27107
23092
17140
23879
19336
22599
15860
29151
19772
9210
15021
25983
6456
7858
13503
9690
1202
11742
3248
7919
25345
20871
5168
9785
5122
2344
12193
9766
20922
31425
12502
7627
317
4135
20251
18646
2766
32414
24694
964
32071
27817
14381
16468
188
10785
20104
7739
23643
11909
5592
31769
5014
20881
8376
5292
24197
29202
32147
31811
389
32504
27495
4726
18470
5805
19400
15381
10052
12453
30247
31070
19059
1335
20564
11379
4257
10155
20546
9227
15350
1684
19211
15975
22783
18016
13619
14472
8460
10797
14385
32159
23510
32478
16683
2757
1125
15470
27906
15084
13617
20869
30094
3861
8072
19785
1067
18116
4655
23415
3444
23729
21324
18098
6734
15297
20867
29979
8745
16436
28768
4897
23170
22816
29685
24731
8108
24094
20420
21524
23249
27971
23775
2149
2356
25938
15181
10378
18616
20527
25264
19886
3494
20887
9765
904
26027
28175
12140
26346
27680
15898
13641
4759
21390
25007
28969
20054
10354
18410
6153
13380
12605
7938
23188
16494
3999
123
12427
32415
1797
11677
29546
19063
3169
28708
3145
21949
809
29497
14592
26870
19362
10401
11406
4663
1630
3637
3772
13879
12547
26514
7933
14248
79
16401
32409
10440
7001
18682
26122
15155
7194
26612
18854
25083
31019
2496
12671
23034
15568
3367
18568
3175
11574
23089
26361
32680
18937
31128
7156
19047
17129
16508
31336
15592
19470
25688
11574
13466
29418
2869
5778
19948
22781
11294
32428
26721
30607
21459
5520
12519
20649
8642
19531
9829
12645
4402
18768
19603
26983
25282
31770
270
7084
14866
5138
9900
3203
17344
24242
6924
4312
30614
20715
10866
696
19201
16324
30162
24338
26565
3141
32555
28859
15088
18067
20503
11445
28684
3164
28319
9137
11417
9845
5203
11474
8123
10690
23451
11700
14895
8023
22344
9133
8835
30684
18542
21075
14727
20022
26230
15166
17151
15716
28015
17167
1690
19878
26277
10160
32040
15589
24437
11230
24071
9807
607
7141
8414
19778
18013
4011
18318
3947
10355
3568
1126
16943
9096
29908
4247
32585
23156
19354
18151
9397
10330
25003
22185
3021
2872
24286
8940
15283
7356
10486
8691
6894
3418
17005
20709
25688
21915
1648
4038
25399
4536
26154
31142
15018
15207
2885
3352
15431
13813
942
14566
4610
24725
23193
8451
16208
8952
17094
12225
15757
10269
13826
18244
14235
15211
11760
10039
10445
31741
23049
23229
25347
23101
30434
17067
16406
5044
10925
4084
630
8480
2819
16997
10513
19143
12257
32658
14967
22284
30704
22032
19260
1856
25097
16612
17310
22202
8184
32572
10344
12330
18048
5213
27415
3370
16032
989
1338
13334
23573
7698
25375
2078
15648
28874
25003
8089
22409
12348
25482
5276
22244
11327
16777
17356
12307
9658
6719
28016
3596
6236
17651
27851
31709
19597
27578
31144
28653
17828
4320
10294
7300
24666
905
6934
10637
13694
1944
7091
15259
5355
13520
3282
27691
11448
20793
27498
5929
12462
10950
20917
8629
5631
13364
12423
7718
14132
26933
13023
29007
29800
15822
32699
23810
9140
7422
20017
5075
26090
15008
32700
14878
13190
15506
13524
30796
13793
32535
4033
593
16552
30842
6576
14457
32653
32757
32263
17765
11324
31696
4086
23888
24721
15053
20046
664
22792
31940
22935
29561
15221
28299
4189
9499
13813
7448
17866
28623
2596
9194
18042
20629
22672
6821
8074
25571
16494
1532
23538
32161
10124
20435
11285
632
16007
2725
11159
26188
5438
1060
14703
29703
21382
27424
5693
17049
27168
3242
15581
31549
20456
27769
10556
21757
8014
15501
362
27000
10250
30737
21745
18147
18700
9606
26214
25422
9906
1054
13117
21800
4414
10342
11745
29958
12167
19496
24069
19616
16879
21904
23348
30492
4500
22925
21936
22160
24523
7546
8569
17090
27082
23550
30636
5426
21668
20785
25102
13914
5499
20992
1257
4148
10736
29394
15127
2557
13535
364
14428
28985
21322
22033
9721
29687
15762
16366
28029
4182
2285
4278
9695
7496
7444
2954
22218
20630
12860
15131
1592
26148
27464
29458
17474
19575
24637
176
10550
31348
11510
20145
31211
21098
22553
119
26193
13907
9801
18532
5708
12631
11677
32136
30915
23186
15697
13436
2292
21783
28092
24461
32266
4405
27778
14877
6385
13049
22795
839
1129
16883
17716
19394
31577
1597
11844
23304
10598
14010
545
28599
31173
23708
1220
24375
18509
4137
10730
22685
10449
29374
14092
20175
14508
2580
16786
19945
11933
24770
23876
16352
7382
4099
3841
25702
6479
5818
22451
13
16480
8627
27522
1710
17807
10540
26952
17676
1703
1940
9797
19893
21770
28050
25109
11561
26951
22345
30430
10558
13551
26331
22990
4035
1701
18475
32709
22628
13429
488
31310
7629
16487
22471
24788
12819
11091
8719
23059
21071
27126
15963
22988
15756
12358
32155
26301
13027
1795
13149
31952
6884
24463
19019
24467
24632
6655
500
28904
15237
12658
14799
24574
30354
673
28028
17535
27308
24760
17998
31243
15944
27749
26119
20454
9705
24878
20194
24813
11332
19719
3287
10191
17826
26148
1050
9081
12935
29452
2277
8146
30097
30959
9335
30377
24738
9273
11101
23787
32066
8039
2288
4122
21566
19481
25631
30714
22677
4713
366
4238
31125
14972
1599
12354
8258
1110
336
32362
7159
29171
23686
11755
16976
30611
7145
20536
17990
1621
3567
21633
2716
9479
20733
1831
29563
2877
21035
9586
31577
29344
10568
22918
3871
4745
30238
12947
30090
31183
8950
27981
17873
15069
12383
8348
12681
7687
28204
8852
9670
19998
17852
14759
1924
13121
31102
28185
3909
28663
32179
4021
2043
13435
20086
17343
29991
23639
26362
12073
25667
2612
15892
4361
27998
13809
27641
24907
9990
24818
23880
18339
4458
25787
14155
32454
15552
4029
20858
30682
12005
1135
26688
21035
19523
3745
27906
31519
18424
25358
5982
2668
24373
32048
7088
11912
25571
3928
10971
15714
23181
14589
8006
15695
12154
30548
31524
31303
18201
1058
7161
31569
28067
5839
18265
27708
27131
15291
29939
20368
14297
13781
31183
3268
11559
7785
30932
11953
3755
14137
15501
26183
22503
8912
24109
9599
14909
30483
24016
26256
5975
24089
4099
29542
31430
14652
1159
16720
22249
31344
19026
13561
2321
10196
13527
25241
26850
15751
1671
7788
26365
25021
9368
29028
32476
7954
14341
17947
32764
6430
24534
25099
29250
28489
22689
32513
6552
16864
15697
6351
23767
3433
17702
17217
5097
20532
8957
7251
303
11827
27090
11937
31264
1803
6787
22559
819
12907
16086
2314
25343
22173
13758
28447
28833
3419
5338
24842
8543
19171
17215
7713
6539
15182
12663
13906
17577
2589
21193
11866
14548
18453
15291
13368
26973
25421
2518
30690
27830
25989
30889
31798
22926
27833
18449
29747
32574
4598
22455
105
32100
12909
7129
24750
32461
20166
20302
28179
7065
29878
1732
28951
9881
26324
2381
10266
27132
30376
4634
4628
5931
17669
24453
20870
28145
23705
13141
15281
24287
23235
10302
26631
11503
6820
168
21471
21095
5753
21170
28268
11520
29480
13685
8432
13640
27160
21389
10029
17733
1350
1750
19484
12891
24982
24947
24290
15983
27495
18453
29696
9293
18793
377
18122
17223
27059
24371
20250
11807
25872
25515
24389
8488
11418
2405
24142
9127
13707
3973
29274
22655
5967
28562
12132
16910
20446
24698
7730
32082
8776
2774
12168
14416
17297
21104
28571
26550
18880
22786
3528
32703
4403
7745
3206
13399
3125
24858
11674
1152
12499
9788
28298
5364
30955
2006
10579
7691
10373
12962
11614
28896
20070
13346
25777
22447
13027
32298
22883
21890
10484
17310
12114
2317
30089
4733
26136
14038
16673
20254
30522
16025
18328
29882
9379
32746
14912
16171
2897
29212
2100
8691
20047
29538
233
12416
28131
4916
1286
23471
7944
23540
14710
10382
14110
24530
28859
17510
32737
3309
16005
6649
1944
3258
27011
19464
16782
12970
12153
14616
2758
15879
3987
27766
26347
29471
3833
8313
2438
20389
11171
13831
32628
24148
29039
17754
3222
28117
25968
11268
4554
12003
15241
15409
3866
32173
2619
28973
5684
23164
28860
19750
16666
21909
25417
17458
283
29281
4540
22676
23042
17867
7265
19515
23949
21482
2822
2955
31521
28896
14929
13664
30651
10498
13143
25680
8746
29753
8553
7473
6012
14503
23089
1755
11190
24718
11263
20271
19144
1902
26205
24921
26047
622
20713
20817
16445
18429
1124
8360
12838
31417
23046
16513
12701
7056
25876
29918
14639
10021
10933
32029
24141
8821
3074
9666
11264
23226
5724
10102
5592
23696
11778
30544
5926
26198
18146
27732
21098
22999
8112
24121
17679
28969
13110
8560
25430
15062
21483
1121
12433
8506
9670
12792
10129
300
27220
7520
1889
5089
21257
23310
22581
12300
19924
2818
15517
9802
32757
14409
25342
15550
25363
20935
11075
3576
14473
8243
21712
20252
18178
23907
18615
16704
5701
20682
21551
21013
7506
5439
26434
12234
5805
27647
11205
21549
28410
16630
2189
19220
458
17466
25824
14331
6325
15577
16426
24302
24745
30932
29169
13482
18817
32363
9739
14847
985
25243
26895
9848
4385
26854
22793
9790
6641
20562
20082
12090
32412
29108
4447
12666
22024
4910
28408
9942
20157
5367
17196
17875
9787
23386
19107
23495
10897
6658
20724
4670
31275
25716
3865
9117
30188
10205
20000
17157
6525
29198
8738
15226
11748
10693
20857
2629
2648
7214
15406
30870
22355
937
22449
30830
2026
27598
4813
18620
32090
5806
13786
9415
2275
18268
4917
715
16345
5549
7149
9703
22008
12091
11455
1846
29176
10672
10053
23101
12385
19009
11114
12421
18593
26232
1313
136
2139
16951
8791
5074
6403
3834
9509
8288
17320
28764
26187
4428
10000
10717
31706
17068
5130
23010
6192
13495
1024
26109
21801
31273
24012
31855
16276
26089
31948
20203
14052
15337
11833
27293
29992
26958
6324
20843
21310
2002
16930
14459
7491
12390
10170
4085
2893
24859
7260
14346
12893
31298
24869
1845
399
5842
11328
1472
8084
17419
4607
651
15458
23641
1066
25865
11050
2427
23447
24715
22667
12772
8186
27841
28933
21858
511
10109
19376
7421
15254
955
27950
8738
19086
27103
14046
12545
14694
11581
5714
2611
27232
31454
18692
26528
6358
9601
2116
18592
1233
29409
12661
18784
31960
20022
15993
2440
14854
1022
8810
26138
16992
27389
24203
2717
17765
7811
25470
7548
9958
11757
4791
2985
11287
25966
29744
14213
32487
5136
29790
3844
31629
29429
15973
19724
31843
4579
1672
27167
6136
27904
22755
58
1376
4057
16476
9725
6863
27049
22999
1291
6759
14041
10153
12212
16717
9155
14671
31186
19714
3259
31585
22768
27377
32592
17345
4018
17988
24783
28184
10353
10236
24073
7299
805
23873
2134
28809
31368
22518
17370
20561
25720
15761
27399
3089
29085
22570
19299
30666
12365
7633
24460
19763
13996
16933
27257
27122
14360
1571
22530
15890
2500
14907
1699
32434
23202
9897
24189
28922
8839
19970
22941
24916
3210
15885
24961
6872
24749
25301
9688
29447
12479
4092
20618
15805
19584
13394
15096
15713
16647
27558
2181
25439
26465
25309
19029
29912
18043
16961
4181
26520
19521
4635
2939
2888
8712
19843
9551
21220
8233
6007
12458
21104
9455
17963
6077
17639
21172
14496
11094
11893
31046
10872
30559
28389
11920
31241
16551
22621
23158
5296
4070
7753
14848
32103
28155
12437
7611
8602
13687
22303
26460
28727
7519
8556
2727
26373
24878
32410
5519
2614
10778
4501
927
31295
7576
5518
24728
7143
13602
26281
32348
1694
17208
758
16906
11537
18853
6051
19563
29691
1283
28272
397
11070
20865
20322
13229
7474
19684
10940
30042
10301
22988
7979
22232
5796
26681
12353
4803
10400
10061
16676
28148
1205
1108
10120
20137
575
6913
27354
20191
590
31482
958
19971
19123
26264
12220
17866
5979
28391
11574
26206
21980
4341
29598
15802
16206
14409
15334
28247
17500
19121
27959
14600
32666
8513
16869
24098
8730
4760
14499
6625
3642
29285
9715
16391
5311
10794
31201
15046
2088
20288
3569
28896
6716
23068
3926
22285
14310
25296
22884
12445
22338
1748
21576
17246
27640
23559
11255
704
30153
5361
29540
30263
23911
14923
2038
24289
5002
7617
18745
24681
9792
27126
30932
12587
16516
29641
22203
5529
18451
12503
19877
10973
3451
30528
17345
17600
17013
27311
25508
25290
10868
14996
29062
170
14718
5556
175
17881
5435
30436
7468
22651
11340
12049
15814
22406
22493
20612
4661
16421
15230
24420
400
16991
22318
27517
27912
18676
32697
30527
2774
14471
12613
20490
28018
10754
28711
15273
2822
9271
11259
7964
22818
6339
22771
666
20657
10296
13167
5846
28204
29051
25038
8066
525
28778
26756
26385
25991
12226
9325
8130
26484
21056
16226
21978
1423
14087
21257
22320
17891
15682
11761
13295
17539
27402
28382
15512
18812
31626
27233
8518
31496
6241
3756
5686
4
16967
14757
8582
9892
11508
13625
30269
25446
4670
19955
140
15428
16513
14285
1876
29742
26691
13638
1767
2743
27928
13492
10515
25615
15812
22492
32349
11569
30624
6592
23690
20573
22847
1720
1636
3529
18512
15044
186
3220
28358
6689
14505
30715
13111
30746
24346
31951
4226
8225
7564
15142
4277
29982
2068
82
28462
6919
28833
23823
9728
24241
32645
27648
27288
20454
13617
23645
23968
16823
14656
5350
29219
9491
6840
795
20466
29081
25996
27310
13639
4267
12645
18745
7081
32452
3489
8749
9231
5899
28316
18186
3656
15656
47
28630
16282
22870
375
14280
7338
23225
3544
21060
15003
13299
30529
3084
11130
1522
5553
27828
27098
27915
12282
3158
10171
9293
25029
29064
1201
29455
8918
2955
28482
6348
21393
7365
13711
11057
29373
10609
2359
6771
24713
16022
31352
20454
21196
9525
11927
6860
24209
21959
21890
24426
15059
16359
8885
15458
8325
14923
19802
6716
27606
12024
23476
22854
25266
22454
15805
4510
17548
7874
31502
6541
1883
30660
30720
17942
26082
17664
5649
6607
9013
7376
13193
22000
10105
850
20061
8618
23019
27742
20051
15290
23588
6587
14951
27197
2715
10642
23917
7366
26219
26914
7673
29870
19542
16310
3452
10155
7434
17876
29359
28836
15012
23736
21301
708
32627
23041
16508
13006
4606
7081
27620
19120
14920
6202
17955
15194
7250
16191
11752
8400
31714
15865
29118
19582
28035
31828
10547
18893
6349
26137
10554
4339
28646
21605
6095
23567
73
11098
25305
21109
16582
20
7764
32326
202
23263
3503
16453
23777
27047
23667
13797
23673
14000
18982
17831
7401
14215
19823
17826
11698
18488
29307
28771
516
26305
30878
7160
7044
17095
29502
26440
21068
30088
29165
20902
24115
30225
29653
28837
1359
7600
10841
14381
5049
20653
20217
2254
144
7989
4214
30805
25665
29335
23351
2205
9221
6835
236
16552
30379
20398
881
23534
9879
31723
1781
1013
13579
25143
12123
18466
17061
29764
27872
18383
24873
27993
31743
17054
12929
1351
7314
780
30978
20383
17465
22345
31985
6946
20479
3143
27462
25977
31035
7952
4527
14119
4533
6238
7128
31675
19210
18021
13802
10826
3410
18676
14418
21020
8447
9148
16579
24486
12296
19183
23678
11704
25160
24078
10193
14072
6433
1276
1757
31631
3684
9046
23453
28450
23157
22023
23844
772
9642
28438
29734
8362
2293
25539
16570
10335
25027
24787
11614
18488
7459
31016
13116
16203
15915
8852
13228
24860
9111
29935
2809
27992
20660
24423
16488
4038
15741
18456
30582
7290
29187
18909
1634
23628
28946
1125
21995
32136
13841
12937
28251
31975
18986
31452
21956
6846
13483
11908
9098
12406
19116
27209
27937
31292
8691
19948
28696
10489
11028
15802
7511
20613
14044
25184
27045
1560
27376
23297
1901
17153
27058
21894
28097
24474
12644
310
20639
14971
30352
3974
28275
24558
32167
14130
22238
17827
14312
28044
3766
28325
10115
18964
13646
2957
20223
18506
3831
27382
12249
23488
6342
20016
7278
2675
2456
30265
24858
347
25684
31976
2210
22337
32624
20076
16335
29137
9655
22261
7260
16624
13385
14513
19219
17488
23011
7674
26930
3905
23392
31694
3347
16074
384
22655
16908
5624
5097
27307
31637
13430
1387
9327
17320
7006
13704
32472
10350
29775
27444
6554
11543
20160
27865
773
16905
18323
22942
15412
2110
20205
10217
19848
25575
70
27938
32597
8790
16572
21179
2778
14106
6061
23661
22391
21612
30084
25540
6170
25290
23763
27869
23803
7137
8611
14447
28041
19632
13064
14088
32419
747
8952
16793
6412
10653
24668
15157
17433
22802
22376
22
18605
24052
27688
17889
8295
15284
860
20778
25882
11819
3462
9275
21630
28290
18497
2833
15397
16207
10708
10408
25008
1024
11015
27001
15170
26493
25398
32576
3125
22025
10915
18946
14860
20073
14096
21071
28073
20041
26254
14533
21697
24027
11408
16085
6028
32449
21827
19658
22209
557
4898
6406
17857
2631
2757
21647
13586
15055
20729
203
8464
23811
3862
21128
6367
31427
16781
17983
4516
13555
17601
18842
31221
22817
9240
7731
8590
31335
24401
22943
18757
4499
6680
9899
28480
26758
27095
11237
11109
21722
13776
15199
12306
1480
23913
12207
17166
26952
6342
6714
17088
27769
18333
9907
2975
6980
8774
22494
20970
25404
274
410
17305
32201
11742
9246
1683
17798
29672
3203
26401
31463
25057
24195
19107
15391
29251
27520
14978
13377
3556
31431
7013
17829
7372
26391
25768
13197
6467
13661
27658
3848
22831
2242
6565
27415
413
6119
6180
7183
22686
1903
21808
1598
26964
19903
26155
16337
11852
1025
9505
2549
13838
18543
6651
25917
30195
5582
1014
17732
16183
13368
5972
10131
2639
10015
17234
4549
3197
15503
5209
15081
19361
8627
1656
25639
9298
8347
23570
9383
30253
27452
19668
11438
27245
6073
8426
17418
2237
12769
3187
1969
3658
1528
24370
10917
15131
2234
23686
15898
2469
157
20380
17627
1178
21591
12259
5610
12035
8864
27072
21094
12942
1849
8068
29362
18473
12589
30363
11988
3791
11863
17669
17947
17570
4132
13067
27141
5691
19866
9514
20575
30782
1689
596
12462
16177
3169
10840
12494
27022
21333
12446
1241
20502
12799
12055
17995
12393
4435
17780
18019
17876
29240
6294
24524
25706
27716
26182
2940
19030
2503
295
15581
7023
9484
18664
18730
15117
10971
29374
24092
30747
26178
13842
19399
16238
14742
12663
9662
18517
26804
7134
32638
28530
22668
5645
18442
13256
26593
12365
2258
2580
17738
30819
3033
31329
26237
9154
11543
15319
1228
10751
23325
17108
17136
25477
2807
30014
24582
138
9046
30999
7127
27714
8943
20817
12380
28754
1566
15588
1154
11399
12239
3103
31786
14024
22942
24635
2420
30537
20285
2358
25405
5378
30998
30175
1254
1632
31282
27181
23383
6714
25946
28628
17220
3334
19836
13594
15535
32333
13648
19943
30639
23132
8762
2844
7791
3133
22131
23590
121
3045
30308
28371
821
7343
7506
356
31660
20489
9536
6883
21906
8301
9745
7607
11140
14484
28654
26741
13454
15078
1255
30969
10992
7476
21981
17846
4130
27817
18079
16714
29205
3582
15699
15445
5564
19950
16664
6540
10955
21994
27625
2057
27839
22797
13252
14309
21790
3410
20236
15625
17152
17669
14381
5185
15310
15479
5246
32403
10570
28662
619
9934
14543
3580
4819
17765
16346
22951
29103
13950
18890
4457
501
13895
13028
11777
28860
14217
29850
3498
928
2175
1805
24466
9832
14824
31696
25485
31718
31835
13807
21003
30239
26587
25392
72
14764
25003
6808
5314
20576
5219
17457
24560
28459
11844
11787
11569
21310
22985
29313
8195
31344
9342
5053
29045
15073
18453
28799
8671
32221
2487
30233
29392
8707
9112
13247
15688
18598
27854
13053
30759
4723
13155
14729
742
3924
31913
22587
2181
26005
8141
27482
3780
29766
28335
28697
1430
29920
24817
21345
27347
24619
30031
7633
22061
6750
15662
8452
357
10888
18039
2578
8383
304
22437
32089
8115
4664
12829
8061
5605
17928
20158
12205
2135
1512
18618
5928
19165
26540
27300
4608
5586
15511
4554
21790
9226
1914
23492
21895
27911
7708
21069
5342
20336
31198
2386
5929
16318
31647
25417
26072
20281
9950
28612
17411
7971
6174
6214
30707
5171
14991
3925
19940
24133
234
13776
14345
10319
9629
27267
12241
1175
13864
30713
15465
26915
28103
5265
17026
20593
9041
10452
340
21097
20064
20486
24802
18832
26546
18171
30080
22654
10447
15661
23699
25490
28396
15371
22169
21220
17680
6291
17001
12411
22901
8994
23995
30401
25137
2443
28394
9011
13589
8039
15353
24925
5846
173
29397
25094
1386
17027
26329
12968
437
9811
18327
10531
7269
800
13526
14257
18971
22811
21463
15645
17099
17265
18909
9520
28773
15464
16363
28013
12469
26538
21456
25086
28296
22240
6753
9965
22032
31875
5894
24983
10377
16623
19576
5726
29469
28090
19144
3743
11525
25411
24228
23268
242
19598
17878
17754
17835
17743
3341
18565
27127
9796
31456
24114
22461
27592
11280
15021
4714
27302
17677
18485
5267
18219
23740
30381
12508
25215
1144
13204
31256
12853
4439
7735
30385
13856
2734
19493
9034
104
25047
12772
2212
990
22321
994
26814
7309
12393
9134
18241
1681
9208
28008
20762
14125
7661
31095
26473
19479
16877
9849
20890
1302
20088
32640
23249
31695
17773
21115
24204
3548
32209
2802
2180
11551
716
9463
19412
2646
25588
19545
21852
19951
23247
31770
32104
21277
27026
12835
31885
6443
22319
2871
26580
24337
11407
23334
14363
7493
5916
5443
24759
20947
21635
6423
14686
21168
3000
14167
16197
6731
14138
788
29061
16998
1176
17202
19651
8484
19764
6171
10768
15459
3143
10676
1294
1867
30245
29073
27988
7719
5315
30053
10004
29812
3446
1468
16123
10552
29693
21740
5465
30102
20162
31304
9346
27038
12381
13720
1652
27498
2650
1734
32186
11366
7484
28122
1424
2287
10689
26408
11591
1568
18280
30664
17131
25064
1073
24135
4388
26976
12708
15260
13402
2396
788
18526
19228
19777
24869
27188
1475
16406
5772
15756
22866
25565
14870
26512
22945
13091
31212
17493
32443
24790
11285
17750
22916
19031
18492
5154
31647
20432
11956
19793
5774
1736
24761
26556
5659
31476
3577
7150
14839
29008
6995
24533
29346
24943
1758
19133
1418
6415
19757
30080
15479
15857
13265
10998
9254
8680
7456
31923
7732
7471
18741
4082
19007
25343
10296
14028
2631
1121
8672
10670
9818
5442
30261
29961
21360
10181
7067
28491
8596
4573
15884
19215
5444
12570
17317
6544
28699
8387
31332
20836
27821
5670
21296
11623
29107
22316
19993
30709
104
32560
31714
5724
25138
1553
14524
26768
22917
15750
1109
20769
23044
14514
6929
31083
3050
20985
13463
9741
7849
17169
2960
12188
11985
860
4779
29592
17202
24693
31461
20894
9541
1289
28423
2272
6344
25064
10352
2515
13993
11611
16660
4135
28453
27833
26309
6396
30513
15413
21426
2387
9497
18682
12333
6338
103
12666
16817
21613
2310
16386
2851
20017
31143
13202
16984
19490
2404
2797
16088
3128
28835
1516
17889
28741
13630
20759
22447
9770
481
3958
25083
8267
3251
13989
31682
29248
20792
28967
3655
26062
8566
31484
3931
23573
21078
11382
12508
20234
1870
10056
10620
1832
24893
23008
31427
22883
5270
19703
22616
350
10945
28518
5244
27613
29374
21563
13783
1405
25868
5900
6775
24995
32457
23179
19478
19890
22554
5467
27035
9345
31181
8482
18916
30220
13885
16352
15299
22377
2422
2943
1862
28414
17562
939
5180
4338
2180
11747
23028
32737
21418
31696
31816
9684
10056
27606
14810
22896
1979
6122
3998
877
23594
9891
13721
14410
29036
21139
22760
6719
9254
31703
14083
6004
30260
30701
32323
22640
4939
5062
6050
29396
2268
31772
15811
13385
13627
6
1330
6583
12800
25034
14828
18104
15790
10738
13858
4428
26770
12450
5690
30158
2286
20776
28183
1830
14935
31701
25498
12097
27740
6667
21096
21438
17512
30872
23790
13034
22250
11330
3747
3311
31666
9379
29581
27976
16798
24888
18695
10360
17783
31924
11201
25084
28694
666
26376
11902
24523
17162
18760
9803
255
6363
8655
31751
6679
21995
19411
27552
20124
18867
27319
5504
23961
5663
15242
6663
8005
18076
8145
2360
1506
23922
17798
31410
9701
19284
4192
25058
2391
1333
10325
29304
21115
11358
20830
10519
29105
31934
28794
19537
29338
30081
25077
31186
9341
28644
1258
5083
8682
6215
8199
8947
31645
32131
912
32729
2724
10879
3238
22972
11717
32254
28106
27822
30234
13499
24733
31831
1790
22968
9449
26342
11565
4307
28901
25677
28966
28570
14005
17838
10452
22624
25393
18704
19566
2961
31207
21847
4764
25410
12899
12915
6107
27916
31406
4567
5410
22043
788
31533
27078
23938
14122
29000
31899
16593
18448
25434
14428
22250
11252
15975
10060
19728
14039
13049
29214
14913
12436
790
17938
31942
3102
27759
26210
5640
9225
730
27868
30885
8268
3842
32208
31939
26949
17757
29484
28325
19453
26975
17126
27516
13230
12526
9370
127
7298
31765
14965
16445
9118
13564
16721
16946
22623
27672
3105
16537
13027
1183
20112
18562
21452
1343
31461
12324
28992
24847
14122
18292
5428
19654
11661
30455
4331
29739
15366
16596
18873
9164
18234
22573
17165
15091
13472
17071
2479
31190
20450
14440
25669
14
8070
13785
27932
3914
27853
29773
31013
26181
731
15465
28734
18421
26905
18179
31411
774
7384
8248
10245
3462
3639
16568
29418
2274
25670
20837
18068
16913
19563
19741
26934
527
22789
29907
28613
17037
13136
18917
7932
6887
9353
681
23970
31062
14930
11593
7183
31847
2647
29906
21741
171
22834
15495
2876
14000
10380
1403
27032
21809
28805
21087
26303
15242
2134
32152
4942
6254
565
13717
29899
26844
32378
4959
4584
25423
14847
32625
5126
9014
23500
22731
8697
10403
17908
4674
22539
71
28090
14874
323
10142
32504
8150
30183
359
20162
3151
17215
28247
24902
16388
156
24078
1782
11185
30105
27722
21738
5923
30113
24155
31871
10826
5297
5335
17989
3216
6495
17806
13336
3689
20508
4544
3724
4395
9142
19598
24975
8481
7969
1455
11337
30170
15478
11364
18503
19655
9532
24238
19417
20998
18407
14526
27576
2936
26270
14509
8172
31257
833
2669
4077
26001
19627
20480
2569
1542
28980
14823
2565
53
31354
990
4871
26561
5730
10694
24756
15306
29017
26851
13205
4546
1504
24903
15551
25212
1351
27534
27827
11654
15800
30412
10627
26297
8568
708
12342
25102
21354
2651
9582
12724
23765
29260
6472
10847
28774
20508
644
482
24185
7505
29926
15360
7828
10975
5851
22911
4660
26851
6752
32127
25805
22163
15648
32010
11532
11893
5084
3308
13151
8912
9488
453
439
15969
5844
22108
8333
15694
29696
27702
9507
29280
19603
14952
29964
3180
13654
24233
25326
20498
27324
17579
2183
6570
6925
22444
494
15228
7107
29256
28187
3119
3637
145
22698
14725
14194
2145
28892
13125
3952
3055
12767
17016
19302
31393
24655
8407
26486
9249
252
9349
29583
25011
11502
21498
10130
27078
26278
30271
691
456
21671
29537
31267
575
1333
6432
31468
24854
8029
6119
17180
13876
9525
19457
22053
28244
11109
9993
4228
8208
10726
19874
7841
14142
18954
15721
23286
27264
21949
3880
22388
12055
11274
10573
5666
7928
24289
30362
13576
1314
24087
29981
4427
1070
21422
12643
9625
2856
5463
489
10183
3229
20277
5843
10681
11253
19428
12768
16771
21763
32186
6814
31949
29147
11596
8922
9084
13028
28980
20315
3471
7470
21266
30928
4166
21253
17873
30982
18058
19142
20780
14430
14473
26609
5744
12159
9889
10880
4739
12616
31615
26743
16677
4360
10632
17853
1398
30962
30583
24106
31672
1227
72
21985
6231
29926
27222
17376
14374
3410
6592
10965
1516
30034
25104
29747
22815
11021
31519
8582
29167
24455
15667
10244
13959
20176
26731
10852
21903
26748
31581
1267
29173
23634
23805
24548
15341
24393
24001
15335
6966
15536
21506
11518
20127
1964
22438
14220
9419
231
24828
943
12849
1159
20199
23248
10342
5213
6207
9081
12959
21087
11380
20326
31602
32601
18292
28638
16348
20959
15567
25668
5000
14726
32281
22249
14926
25172
24721
31780
15099
3188
26111
18341
3920
3118
3299
3078
5453
1559
27595
14499
9647
15237
7173
10668
29623
31558
14198
15992
6701
2706
28106
10780
31141
6717
29902
12861
19457
7217
22553
20514
4407
3356
27634
26637
14676
1638
26478
2764
12225
11366
27097
30091
11205
19669
28503
17388
27212
16771
30923
2138
13543
27464
27384
16026
23059
22846
26855
19618
31422
28717
11656
1455
20743
9799
10395
25490
21574
10006
25297
27210
24140
29618
27951
27096
13804
21303
24500
4687
8890
10102
11067
3627
28178
31211
17059
5859
30044
21744
24364
14274
12687
15663
25636
13042
22516
24413
9668
15578
30765
17958
5973
426
15221
11363
9366
10547
10537
16275
14946
19709
5256
26249
17038
5267
6071
24674
5905
27682
16391
20410
12391
2370
20347
1568
4919
12820
14213
9158
16691
31373
12561
24445
12607
27665
5572
2785
4822
19268
24198
9937
24746
28701
27454
7203
1675
25660
30684
27797
7818
15229
25245
28678
2398
23245
10122
29158
26119
8508
13635
17131
11441
10068
32506
4869
28890
2217
28610
10133
3767
27570
8970
16858
18388
15319
1636
18859
4860
18891
18572
4204
9048
17948
14757
16443
27354
18953
197
19306
7133
25235
19124
28722
28165
20951
22001
9381
10861
31386
32758
32485
17153
10790
14269
28052
31016
13397
31107
21643
22439
5611
14284
25039
962
4392
21927
11968
10659
30878
5683
404
2048
7233
9570
17156
24313
3261
7677
31813
17983
10508
12521
28986
11899
10823
20904
10984
4590
8636
3106
1578
6228
7490
26534
6822
12815
26057
31532
3583
28289
3125
5853
10061
4538
14445
9941
14026
11603
28334
13095
9677
16537
16166
8481
17149
9199
5054
6610
7870
17261
4151
14794
3056
27853
14456
28193
6361
13448
20774
8891
5215
13884
11894
9673
29563
13393
25919
25747
10986
23260
4692
25974
20774
10691
11280
9000
7316
18979
4658
11588
4607
21230
20459
12802
30533
16601
17462
21829
24144
9589
9320
30940
23624
20891
3336
23041
16647
32526
5344
10278
25294
15708
5716
30962
21046
9733
8947
15750
2665
7135
21836
7428
29073
6585
29955
22610
15761
21567
8484
6939
4340
13086
29878
24087
25634
25960
22932
16013
3802
5433
32120
28438
1500
32411
7513
9635
8422
28071
6903
10945
31970
26605
4276
28188
20062
1302
22437
17474
14396
15048
13289
12714
31403
8138
6969
26357
3670
27241
18881
21107
32731
11802
6446
27369
8062
7264
19977
6034
22815
19696
20291
22883
18537
20756
31761
6547
23885
5709
5114
16731
9390
23612
25901
32507
2398
16834
13593
23549
8522
11623
5944
2237
23281
5368
9771
297
7963
26740
21260
28358
15047
9258
16128
27636
9573
19995
21259
3186
30533
25253
2601
20260
9296
29795
8602
23828
20214
847
9085
14776
18279
20265
32672
18547
2822
10525
9879
19293
22554
2208
23307
16199
10695
26523
11605
14586
12350
10699
21835
10176
6448
4967
24154
8486
15496
4868
22998
6655
345
25271
2957
12460
3861
17529
17570
27803
7937
24015
24729
5902
485
30378
6318
4382
11784
8075
8555
19199
26971
748
18041
16517
25589
26076
30903
7911
22207
7145
649
30660
31345
29250
22131
9571
27325
22045
11238
17471
18889
14935
24153
26051
14307
90
17052
24658
29553
26692
26217
24714
13606
19526
28221
8138
7292
11081
1381
25585
16478
18136
5212
11369
14372
22586
12628
12389
12485
8414
32531
4710
25160
23037
28160
27908
31100
18298
4990
7403
18921
29197
2936
27684
23558
19616
6205
662
11181
18681
29839
16332
10955
8090
3062
25080
23644
20197
3419
7736
7063
5508
3025
3609
25445
27656
8630
5722
10776
16848
18939
10994
9562
301
25536
5203
2659
7875
5156
6641
7792
14387
31323
13822
11120
1527
27137
13944
11520
9357
8109
28518
18841
30935
9162
25183
27656
13250
20386
32587
4383
14630
10428
25198
7595
28141
1640
13218
20646
12664
13720
2787
9645
1598
3825
32273
15284
11702
13090
15346
5112
15224
24949
22647
15669
25503
7331
11840
16153
2161
4589
31073
23033
19266
30312
3943
28356
9365
20121
22678
9013
18309
21569
28277
5708
21603
28282
909
14590
7841
28675
30829
7980
2542
4057
16881
23762
17059
20487
1220
17281
21854
18110
2596
5135
27116
32168
29157
30861
9581
23418
17849
23161
30642
19401
20910
26933
22506
6430
26104
25784
13438
11596
26097
132
6713
11265
18526
29399
22188
7068
27892
1062
6609
4158
27419
12999
23278
3364
15857
16110
1212
4148
29074
13018
11465
31701
13719
15184
23067
21252
30940
25673
7958
31653
29319
3560
2720
31510
15429
11694
13442
24842
25047
12273
26897
21653
2510
3466
14351
30595
7058
27087
27340
5102
1705
19649
9616
18448
3894
19846
14397
9301
17344
16665
25137
28596
53
16704
3434
1600
8751
8126
17645
1530
21109
6602
27240
15850
1989
24513
28438
4974
9937
17688
5091
20945
25479
11412
29905
6175
18325
1213
25498
22840
557
26768
21911
8740
25861
14452
26848
6822
12963
16239
17589
29716
8663
14490
22812
14949
14985
18642
16844
15244
28596
16561
20554
30981
6835
15036
338
22445
15292
27102
24952
470
9130
11286
9487
12187
27391
13676
30538
18801
23081
26409
17569
6399
9988
10055
1142
31792
11169
19495
17913
20102
31302
28802
1097
31921
29365
17314
1500
30304
15537
10706
19232
29271
19391
16659
20578
14529
20522
7696
9968
26568
14665
21844
10618
26212
11524
9403
20414
31088
6293
20774
25957
12035
16012
3187
10279
5117
26134
30637
4406
26592
3966
5503
19930
17122
20980
16623
11096
25152
18062
31817
31257
3796
9356
11352
11272
20970
29408
5084
12860
27728
29422
9017
24023
17324
10384
28781
18478
14866
9053
27460
1578
9174
27947
8655
10990
20383
16850
10514
23993
21693
29747
32253
1806
7101
9337
29342
22803
21818
11167
31636
14136
21238
24627
29127
16664
30505
6233
7254
1188
11800
3346
5841
7038
9706
702
26537
14243
14519
23264
23268
25421
15587
29474
29973
30744
12202
30105
4748
4451
28155
32329
1738
32249
28554
14828
20536
29937
14369
25071
13336
4562
29494
14782
22203
23547
28099
28993
9204
23874
25170
4262
7118
3036
19287
20834
22394
2941
12227
2162
23179
2495
7638
1511
1126
14792
18485
3489
13811
13095
31036
19803
32665
14336
20629
29672
27498
9833
32522
19899
14234
6419
29847
2733
5430
31533
13508
4347
16146
4997
17714
398
32004
19185
27251
20864
26447
12781
10014
7387
32354
2437
12579
5796
27331
21366
20829
14872
31046
11664
24934
8501
10114
31838
23471
9340
21637
10505
12752
10230
27079
30330
23836
14709
4189
12735
23929
25628
18031
16816
6767
23841
26860
22994
23166
28114
1404
21627
17589
16086
2231
30775
8320
26806
7316
11371
18370
28060
19236
24888
32547
90
14720
11938
10412
15533
3840
28402
1169
13507
23725
22616
29773
30716
6393
22997
29684
30446
942
16216
15813
26795
1573
24872
19455
5446
25528
25217
11511
10643
20089
17282
23910
30767
13349
19015
7431
19392
22355
1874
29026
11902
2289
31023
19170
19187
5617
4951
46
18942
15680
11350
5046
21022
16888
5929
30604
3053
28118
27626
17270
20459
6126
17327
4417
24957
925
27567
29528
23350
11200
21414
14741
12372
20003
15227
30806
26510
19261
25632
1492
29453
11802
18363
25008
18872
28824
7427
15055
9652
20438
10732
1896
3115
17642
10630
25435
589
30162
18722
10437
5013
12973
184
30417
3406
21292
19077
6865
4949
2115
32248
3981
29216
30244
20943
1754
20991
10861
18814
12655
12194
17056
4560
14581
15836
22229
4304
8285
5286
31915
11498
32374
20839
30340
3918
18111
3187
25330
26005
5242
18385
108
26279
11265
15169
22854
7900
9821
8573
27616
18273
31509
27328
8989
11486
23620
30853
13078
26965
6382
18065
11792
30030
31124
9523
26028
21553
19206
26827
27742
24563
2937
12937
19232
30708
28121
13943
16232
5928
10081
8890
5463
5494
15208
3093
29235
6237
14718
942
8983
30429
8631
14869
17385
5269
25415
21378
21133
30761
10575
20830
600
8422
27127
13573
25544
24489
27581
16331
13426
14076
13581
29757
27451
1667
6673
15529
21707
1431
23754
23264
21567
20784
4960
1338
7198
4360
18614
21723
29583
30717
2882
26933
23497
9143
24092
25806
10698
8076
16468
10051
26700
3744
16009
26766
5621
16721
17079
6532
5070
14802
5713
11681
22518
25621
19088
12808
14488
1263
31498
21958
25370
9335
7814
18263
21399
30639
23055
2923
24720
3430
2631
12522
11998
16988
30462
1589
8683
16552
25859
13231
7202
3671
31290
24444
9124
28502
10223
16008
16189
7826
3946
14027
8086
8797
5316
30412
26796
16404
5113
9828
12160
21246
27709
5317
17
2680
21908
1978
32647
21327
13469
4145
32433
28782
24750
2038
4273
1721
4134
7361
31222
8248
24319
3187
2923
27256
9123
30365
15854
13358
1537
26434
8708
28190
3295
32478
30667
13115
5490
23462
816
7184
26924
10258
28769
24926
26069
29337
23686
4615
27613
12987
22188
24618
1777
8005
27905
18832
1228
14801
6727
8007
28240
13196
10115
12428
5845
3900
22005
7407
13761
9345
25933
4529
15960
26714
18972
30321
27094
7916
10377
19719
10171
23167
26437
18609
26727
27594
28353
24685
30182
10096
26782
24741
20237
9418
4965
16401
14534
23015
32376
15322
31144
14545
16968
32507
29643
12818
2249
22765
4314
16503
31267
18307
13417
25108
25003
22547
10377
8840
7953
9174
14490
6787
14298
27537
28257
2181
7441
5749
9563
26344
31034
6212
26704
8992
6792
694
19754
23106
19792
17947
17160
16067
15036
25921
1679
2946
8132
8344
12416
10249
28762
23700
4752
25104
15077
18259
22132
24643
24561
384
4923
12870
29221
20087
19680
8693
21109
4010
4640
10736
23705
3907
11401
13655
14269
24075
5844
3282
8058
18570
11636
5333
14597
10096
19823
16674
18598
3891
21869
24975
23404
8954
15630
11273
14624
3770
13953
10201
12919
27806
3667
24102
8075
6573
15748
29627
8844
15783
25056
4107
691
2607
4236
13682
13176
29999
14048
28350
23557
29305
32116
30190
29418
28842
24958
14394
16914
7508
30811
23379
26358
13404
4459
10219
8976
24224
10786
32120
4243
25565
26716
13109
3929
13265
3825
2666
32285
2716
8330
5614
5098
13420
9395
15082
28115
13401
17201
11999
9445
21134
10645
5867
90
21930
28433
11336
6159
27494
27275
2581
31545
1143
12016
2137
12115
10166
8651
18501
7003
126
24598
21945
13117
11349
25935
522
30608
3023
10447
23555
7552
6832
9560
26921
29451
4945
32493
1091
21361
24901
15078
1306
16357
10043
15939
5502
28809
23590
1601
22409
29081
17308
20267
16680
8422
17788
7539
20694
8071
26836
23809
32683
3019
30210
2763
5270
6002
1049
7334
15591
19996
30086
7003
3600
8193
10227
8958
21676
1251
23403
15739
21696
19265
5311
19314
24385
26574
32553
28485
24791
22817
4400
11887
19937
29614
30923
15639
4025
10741
4809
10212
22329
9465
29040
20500
30846
16628
13925
28104
13291
16969
17356
3234
4209
22202
2223
13970
11022
14043
27812
16621
8084
31686
7850
28608
28332
32017
19285
25443
1306
19197
32299
1105
18499
6384
12877
24886
19436
11302
22106
13130
5444
8867
18320
31966
3877
9836
2100
30260
5015
24822
13620
15508
11926
17119
32524
30620
32277
29660
10726
26840
21314
32499
22789
6547
30988
3818
10595
6892
17378
20223
24473
3116
20158
17369
11520
23382
2403
12479
20502
29696
31715
23816
5155
20578
25443
19922
29724
8365
3106
18423
25799
31902
3256
11837
2592
21330
18076
4045
23548
3420
20457
31463
32236
5397
10850
26579
20068
14643
27571
20507
28956
7581
15098
17911
22711
11902
18309
8201
5027
18840
7389
3402
24640
4572
30724
9541
19524
8503
508
18563
25438
3246
5000
25926
12569
28333
26167
29818
6660
27548
22173
17128
20496
25780
7140
23213
26169
19729
6276
8426
18280
21768
10318
31678
5272
24506
4015
5233
11832
30441
28723
2546
27857
12555
26184
10116
19689
15773
13381
29620
4647
3002
7850
11150
9656
16108
23977
32272
13296
26178
18406
7135
19765
10659
6780
28473
3609
24929
576
4139
4806
19473
19017
18692
14751
22171
21424
16137
31012
10893
14996
4970
19734
30389
19553
4213
32476
9710
13138
14090
19750
30778
31541
16463
14032
12817
21359
26532
27913
22009
12863
4314
12468
7255
15687
7839
7950
7557
6984
3389
12690
25124
4909
9605
29978
19892
7243
23557
15430
5986
17383
12418
20769
17696
3064
8610
27138
23803
10031
2280
26033
16553
13877
29413
4811
26466
27188
18349
1640
27122
12440
22409
17914
5387
19479
8171
18553
30175
32494
23719
4797
5358
10862
14687
29483
21277
1976
14143
8339
7433
24005
6891
16473
26778
22697
30390
6099
12507
26136
9493
27891
25609
15145
18259
23078
30698
26458
7302
6523
6239
6356
17601
2824
9277
30193
17547
31370
27737
12284
23696
26699
26850
13112
2455
22857
22772
6179
16564
29332
105
14843
15295
25592
30707
5762
27140
26076
17256
23295
22844
20074
8796
17029
10941
496
20213
10615
26861
17030
7931
31308
20732
8946
15151
22416
25811
8392
24798
10027
22855
10710
25013
25318
13459
4286
21975
21035
12549
13541
13357
4364
14327
24972
17661
2184
2305
10301
8895
15369
24941
14953
15660
4144
14315
1615
4759
28373
24710
6943
4992
27722
11479
6240
25703
20960
23673
11407
29150
12717
29117
26377
2786
26508
16030
24875
30059
11108
15863
695
12610
6318
3315
25977
23827
20273
6341
7211
29123
4368
21658
24727
18435
519
3020
27899
7206
27634
9305
1201
1071
11407
26003
28687
3119
12420
5913
28557
27854
8100
3077
27173
4135
7790
28263
23296
22745
18646
24307
16974
24410
19017
15606
7542
6543
14059
10895
10863
8346
2595
8475
31341
2292
28249
10737
6081
187
12798
3920
17146
10317
3533
6549
2897
22805
8273
11441
17988
20133
17064
23003
10880
26117
6790
14722
4612
26443
3453
8582
10116
3436
31099
2983
779
16466
22164
16446
31205
13615
9729
6443
9660
26896
21097
28942
26369
10677
25952
4794
26254
8352
13870
15590
23177
5228
30161
3622
4747
21600
15429
27930
3841
580
31490
16613
10195
11891
30919
3553
1604
31282
14998
19090
30234
13376
32255
216
20990
9135
10402
3944
3877
29937
20720
8060
11312
32054
17457
8906
1873
18422
11723
28083
24496
8905
17345
16830
1549
7039
7290
23620
166
9325
4548
23917
9819
21253
21784
7003
29968
27818
6432
13732
10067
13762
29814
32006
19774
14092
25007
854
27807
27955
152
26554
27735
5796
31935
13080
20224
5021
15669
22734
211
3207
16787
12196
15560
21126
20539
30462
19710
11854
23008
15447
10846
4408
13897
13546
16252
23701
7761
24498
21181
13122
1843
917
23487
2429
17156
24029
18421
26358
2689
5351
29330
3881
21515
17183
21417
1004
7152
11820
10898
5700
492
32359
10127
31101
24560
2706
22703
3194
15905
3015
24051
19785
18468
19886
10416
11002
10137
12019
18996
10674
26597
1527
5548
3323
18229
15814
6470
31838
6336
16202
12946
22068
7244
31422
16942
9401
28403
9572
17058
26978
31015
32635
18057
12913
32244
13932
8690
11974
12165
14148
17157
13304
27882
1382
32234
27300
3352
27010
20454
5381
23345
3265
24007
9157
10246
21570
12675
3347
5339
4298
31516
6646
31594
22199
22726
7649
5930
4662
27212
19591
21456
11190
13232
8688
25878
20637
4882
4301
3004
13369
19922
27401
11213
23801
30969
14496
6180
20957
16597
28852
14126
15403
21476
18654
25842
20836
29940
3778
13902
6518
30855
16358
387
25907
12668
21444
20468
2306
4332
27677
7466
12244
32083
24465
1820
23130
9456
21101
21421
24182
20334
20932
28535
31471
29379
9409
18887
21352
3929
18491
12776
26771
5995
18570
6565
24738
26035
28057
24841
13310
1858
27965
3945
4668
23727
6085
7589
4941
22131
13011
13738
2292
20628
30314
2875
1149
20865
24647
12786
25773
12349
20853
5249
32757
26048
10780
28990
16106
3483
22426
32735
15098
23002
2260
9345
13655
32302
31950
21488
31288
22092
8058
3362
1089
19344
26830
3076
29759
15846
12825
6522
12569
29674
30103
7328
17412
22094
11331
20823
17653
31356
15852
18429
27484
16509
14219
4731
5903
2074
15316
17029
25988
16705
25099
7453
10052
23466
30489
10073
18844
22969
21727
28775
2198
2727
17354
15566
32040
12253
6824
30454
23466
4512
4282
2283
30349
18163
30218
862
22859
13497
17918
13805
3994
2075
18478
7332
27877
12329
13171
18115
26620
6852
1856
6849
24331
14523
3894
7058
22473
3380
17650
4902
4081
19534
1066
17970
29174
19716
17656
5426
16883
21077
