5591
11842
30382
2957
22776
2384
14445
3293
17318
13999
15447
24647
8749
11782
17866
31941
3187
28982
12915
24411
2360
12942
22455
752
30364
11071
20305
2652
23522
13839
30525
20674
2163
593
10453
21536
9254
29460
27451
11812
5310
32411
9462
3906
23733
8717
4320
28675
22328
15726
31295
27808
30066
27598
1074
32463
24845
11200
79
2525
10230
27662
6282
27901
21857
20651
20568
4064
7182
17385
8469
7557
30154
10220
13731
24915
23608
15455
2389
31333
32465
3173
28171
22821
6698
30931
15774
15132
21621
12956
14974
6408
17227
14733
25497
15151
32425
13114
16255
26612
25912
11832
25284
24744
30161
9612
13734
8354
25152
22628
15600
4754
16200
18949
27167
12306
30184
32261
14018
16254
23005
17594
3879
9222
2408
11250
20531
29697
31313
26596
23698
18820
22572
18535
3345
308
6107
3682
71
23384
25684
13700
3451
13107
18597
1589
24258
16528
15157
972
30312
6046
28236
2818
9105
23294
2517
13478
10784
21531
12899
20627
8664
26042
371
3296
20673
3282
21233
7510
1230
25501
3069
30503
12476
23279
16110
29916
20541
7623
20631
30352
22358
21283
714
21084
12550
12825
2075
10514
4392
7204
1254
29486
7578
12732
8596
23049
12959
5417
4633
12624
18050
20376
14017
9397
12413
3183
14893
28132
22232
7902
20632
9913
2133
1462
31840
2992
1228
24959
31681
17053
30995
4293
17379
31133
29216
26290
11543
29260
2930
12258
13405
19768
23725
31090
30251
10646
27268
20058
18025
27956
7899
24317
2496
18607
3117
18175
13332
19430
44
25943
4175
7854
10664
31397
13665
12744
21938
453
19589
31760
2049
30372
3269
6134
29333
32594
4032
21810
4249
11097
25515
4788
26766
15694
32406
29914
14758
12965
30448
19430
6254
32201
9550
16047
16048
9837
4968
3479
4760
17436
23652
444
10517
1816
25176
23667
18306
17249
32010
23282
10374
12820
1530
8780
2105
23798
26018
10147
15240
26705
1532
26776
22234
12031
20037
2055
10228
25796
3073
8946
1817
13025
27967
29114
17270
741
28702
2453
11966
27591
27536
21052
3090
30002
5470
996
26147
9504
10604
16752
4250
2986
5695
8933
22712
16670
21180
17438
10553
2643
16690
11201
9599
5945
17307
7793
32748
4020
25887
12869
3984
25259
15578
13945
26884
2908
28127
17252
32405
16626
26749
1706
2981
17497
20673
8115
20303
16465
11835
8284
23114
28609
18693
1516
29712
32334
22530
15945
23359
22317
25700
3436
25919
22069
1649
26386
16677
3897
24454
4276
25047
8084
30044
8122
21361
15877
21130
10220
32744
31934
4171
11817
9966
29111
11650
13147
3349
14664
22267
27562
9782
1783
1268
30192
16148
14479
4572
10093
27197
8050
11866
16317
13361
29743
22161
6406
25286
10327
11427
10358
17355
2701
23667
25325
20204
28893
27824
23030
7893
23887
8463
9468
1435
20667
20951
27323
16471
16350
23715
7924
3604
24238
4707
18533
11755
13803
18085
25336
2156
14071
25619
12859
2112
16871
10812
6160
26125
20954
30871
17318
27546
17289
19140
19623
29236
27168
18966
3763
8272
26189
6223
22798
10865
29590
14250
18069
6988
8175
13343
20983
26410
8588
29154
31265
20111
16116
17709
2810
21529
32087
14143
24145
18858
2337
7333
10515
14538
3279
24760
10434
10822
27137
10855
17698
4381
2257
15926
31286
23709
12644
16775
7786
30154
9150
17176
22802
11263
25051
11470
23827
21720
24571
689
15328
9038
3901
4919
25769
31268
30319
31941
9167
15747
19749
11379
13978
26593
19720
14864
18222
26151
11633
17766
25787
32530
32055
14526
19445
18905
20165
5287
5060
30737
27247
10484
4668
30414
31494
24324
3535
11020
26793
31046
3777
19789
21983
27643
25821
10371
29411
13118
13671
16431
6975
19010
9553
8651
29084
10204
29617
25958
28121
25665
6259
8590
4442
27664
15179
22130
13731
25747
5870
5192
10533
9538
7298
24813
3671
27272
27475
8395
12553
9674
28871
1792
17910
3750
17556
20669
18584
22904
5424
20459
27456
14115
14474
2325
19813
526
13559
26754
27708
15468
22127
21153
394
17345
9209
5035
17591
23969
18788
29315
16931
443
18744
27361
15549
1303
2796
21167
19921
2716
6489
28339
14113
23765
9583
14959
6968
5365
8487
26437
4091
13080
1720
22239
16257
3019
8206
5326
2852
11983
25208
4977
25816
11034
12961
12313
21180
21535
9409
17002
20719
27727
3348
15109
1445
22752
29836
5476
31610
17101
17859
8452
22022
18718
17971
26058
13489
10345
12201
10144
14280
31641
32247
19807
23505
31214
17641
12017
7964
22085
8827
3767
9627
9114
8521
16936
20211
25291
8007
19899
29395
7582
3250
30727
14213
13062
5959
6185
14019
14498
5554
9063
25803
5511
18249
15891
28086
14911
15354
21425
32005
6673
30850
31324
9085
18819
10976
9573
20277
26142
778
27454
2541
11121
990
25238
29089
22873
24667
23238
8030
20351
14609
29548
28757
545
19926
22357
25902
11286
30651
7841
2974
25100
32575
7201
9788
27413
8898
6660
1680
610
24892
18867
19821
26189
23854
27385
1409
22685
27609
28263
19499
29702
9391
5879
31884
31472
1287
24303
4321
890
31764
9224
11792
9405
29464
24272
3456
2389
9685
26957
14638
2846
24388
6371
19966
15419
28298
12151
14415
349
26664
26581
7889
8513
1906
8527
28571
28027
17474
28327
17272
26739
28909
3120
2946
3245
29814
303
15603
6477
29954
28807
28471
2010
1676
23702
8262
3906
12762
25178
4912
22558
26544
12248
31993
17976
13379
14782
29608
31562
18160
29767
21403
30473
8750
4959
3869
30818
1986
5640
7227
1028
30002
8444
29907
13342
17531
27795
23789
13674
17670
18920
25422
5482
24793
823
20555
17906
8715
7050
30428
31206
11386
12693
7153
16197
32704
2526
26633
31334
5474
1057
5888
9858
12107
32754
23080
32627
27257
29860
8348
30907
27127
16490
14801
9672
11787
29372
1646
30583
27568
5628
11102
29398
30790
15450
31523
17710
7561
21493
2413
22849
27072
1602
7403
20944
20534
9906
29537
3424
11758
29839
3067
5950
1683
13351
27617
10689
3502
25389
4363
9679
20508
3164
1879
9122
4542
32349
21464
204
13170
27115
10865
3961
13634
11061
8611
19189
10460
17028
22692
13678
10306
16413
17329
17146
9411
10089
4772
30172
8746
3411
26057
4099
12853
30194
17646
32211
17481
13672
3257
24104
7523
22538
17983
19352
3154
21953
7377
19193
11812
5295
26137
803
22238
32534
28775
8695
29296
12406
2885
4769
29159
32246
32337
26905
6373
24069
25164
9968
16206
29505
4206
15689
23365
16024
7164
28710
26455
15533
2589
32485
30965
29309
15338
13834
6952
11586
16068
20030
16768
31128
30442
15512
26446
5598
22602
22556
12050
25567
8600
30849
5687
7601
19870
29240
4350
20958
11987
5033
8889
27330
26926
1984
17977
17716
15932
16808
14985
6761
24433
21974
2013
16660
15036
25674
20677
2514
30045
30737
17318
15046
2299
15
16491
28288
14065
17659
1656
23076
17898
171
32479
16072
15789
31378
30423
2589
5434
19847
24170
27218
1813
15047
24429
22837
32738
11838
24757
25244
23346
22530
18824
10755
25245
32545
6482
29558
17169
29084
10137
13234
27753
13747
8243
27527
3905
24675
4023
21120
11529
13614
5169
5318
28249
29466
1562
10306
13188
29436
11655
32002
4976
31478
22432
3294
15525
27455
24660
3675
27811
10274
1099
20175
29049
25930
3868
30662
27027
13884
14785
17317
13780
2085
19784
25997
20965
26838
24010
10370
1740
16141
12705
2509
11200
22518
10454
21150
26939
28145
14553
29942
12882
3222
20597
12228
26690
30198
14338
15951
23627
27940
16861
5843
9153
2549
24341
31855
29280
31235
27751
26686
28384
21240
19309
3525
13769
23049
7186
32397
32393
25792
10825
12560
5827
14079
25599
28378
10219
578
27469
28136
31504
27172
6387
6484
12024
12837
770
19764
5234
30890
23512
2495
9448
9029
15697
25009
18228
24631
13372
10225
22196
24883
8204
8305
8353
13157
15056
14422
19356
22707
23910
2394
23946
1603
21483
11374
21410
11325
22133
8099
196
10962
31237
17226
9741
22653
11703
12890
31144
15752
6204
31251
4071
10451
27018
29921
23186
465
29906
19587
12927
31699
9907
26476
8034
3721
11181
17770
20967
22469
23256
3973
1022
19075
14550
24362
13174
20263
9990
137
27342
14597
4858
13371
3144
13606
14892
13352
21310
5705
21996
32680
32697
8745
17309
13032
24640
17406
32033
28048
11758
18502
30098
3234
28360
1477
11827
15269
21069
6091
6054
8452
15438
3509
4959
10673
29183
13238
10584
14349
7503
22744
17926
14860
6773
13885
5261
27284
17355
23467
18736
16935
12256
17736
28683
23234
5576
32417
5124
19205
19383
30449
20991
15507
5071
27297
11345
16828
11061
1547
12919
11866
20330
9603
20745
30712
11737
22168
24041
24890
29100
32407
13504
29817
25572
19025
30635
4525
20905
19230
18481
5008
11486
25890
3193
20480
6905
29391
5305
30629
26130
16811
13554
6357
1081
19540
9947
18868
10509
21953
18458
15776
5515
18890
2234
18892
6691
1771
7642
7466
32529
30021
19618
12175
18154
3813
24956
11282
32629
15689
10112
23221
5309
12320
29743
19783
23140
4434
7013
21384
16186
14912
24457
31375
24334
20045
12807
7017
26309
24221
22528
15619
32425
31517
18240
19785
12035
21699
20336
30096
29419
21783
25484
3633
27999
20210
6040
30071
29843
11397
9871
19900
26504
16030
5277
26318
480
4391
16781
22168
8689
26863
32645
1278
13592
20142
497
12040
15951
19267
14525
9539
11010
14655
27591
18788
27167
20391
10900
3887
31085
18934
25666
1175
23838
20834
15293
9511
13735
2912
27702
31904
26575
29034
20945
23780
2822
22016
27294
11026
4601
15085
25547
2035
24931
23755
1816
22421
18726
6089
7306
27701
5018
2476
5220
22626
7973
5396
3411
11360
13836
10753
2793
8907
6280
30613
28748
124
27933
27420
4912
11185
2855
8265
31490
15975
21430
9922
8294
6155
3227
16608
16612
12882
29123
32687
6878
15718
28868
24637
9670
18242
17078
19985
6798
29279
22596
12025
24671
32656
19458
23561
12685
12074
20226
11232
3275
15721
17314
29229
18075
32271
31399
6258
20233
23374
18064
13320
32665
15336
22820
15716
1406
5269
8014
19608
15372
10405
3882
32540
2928
15846
7264
27343
8095
18376
18097
16953
2956
19903
30415
3603
11422
4329
7538
8201
25185
13553
18600
8894
28284
28723
9068
27409
4323
1825
4987
28319
13389
5861
26979
904
16105
29512
22237
19831
23372
7122
8028
31708
19886
3122
14054
15740
10583
27617
17187
3372
31316
24835
12980
15321
14190
2702
24261
23500
4189
26029
27366
28972
27704
8807
22294
3013
11312
11132
30753
11783
1662
25999
18989
9554
3482
27018
20879
14193
14254
15935
32227
18788
31306
21835
17243
25442
20057
20288
24151
13854
12372
19203
30006
1354
28853
17522
3180
7001
26799
17994
213
10890
26396
29512
31818
16162
27063
10895
6257
9976
30347
19274
9177
29239
10667
23442
15686
29024
19236
5778
14665
21646
304
9705
1556
20478
29356
2639
397
27086
28108
30588
30113
21765
26382
10054
11995
32212
25708
26633
24885
11036
10454
27211
20270
22831
13279
4512
26396
12763
27063
19660
19140
17829
30553
14632
29992
27218
18181
5447
29344
25260
6385
18136
24364
13186
5180
30670
7945
18929
25635
3775
1410
22242
13687
1674
24073
980
10318
26941
2950
25820
2554
29238
12783
19433
27447
7048
7705
24909
26280
6816
24526
9593
11141
4136
18975
16392
8334
28459
19963
16384
13123
24442
25345
12628
10070
8015
29331
11181
31329
10289
31020
15977
12245
6935
20979
24036
6450
14288
24720
13815
28286
25506
3390
1471
19184
818
18209
26784
25068
11171
219
12425
52
28418
23386
13689
11612
18402
29427
15938
382
26691
693
26253
816
28601
20983
9758
8627
19658
8244
23897
8045
19863
793
2821
153
9151
27355
3921
21054
24448
16590
8212
23901
9759
21556
21081
6767
10122
2386
23835
30991
5949
32458
31053
20467
11362
7460
798
2336
27964
17582
16506
24158
18885
3462
28884
14826
18838
19957
2595
3948
20744
23294
18218
16680
16793
14135
27389
25976
31121
9176
24001
122
30437
18450
1715
1542
8539
25250
1900
14307
32751
14757
15459
13370
23925
15534
9907
18506
8321
3350
8990
23390
23172
24723
4690
1532
21047
29196
22124
10592
3389
29868
18875
6953
7428
15670
4806
14673
13036
5528
31120
31330
16299
28354
8730
19943
8688
25784
20522
24865
10310
18662
6219
7164
27195
9909
8725
27201
15554
30299
24494
9485
17879
29175
24209
12418
29537
16605
5518
8636
22876
27950
21522
263
15159
22445
13993
31823
17531
7629
17601
7640
13486
9743
7089
23343
631
18058
19194
4192
14851
14795
17868
15209
6822
21984
3532
3055
14278
14768
31508
6960
8437
25742
17787
24633
21853
27661
13079
13400
1633
17429
4097
31701
28033
19766
21336
18141
14718
7485
5513
32447
22207
13829
15309
29531
5876
7824
31987
23766
31737
4694
9055
9619
10749
15069
12371
4191
17635
10122
17517
3820
15592
30647
29041
23681
20103
27398
22857
12527
14746
19444
15946
8135
29633
26801
26809
30666
23047
3631
1422
13985
9667
14712
25207
25807
10429
29510
11040
28131
5266
2509
2994
18674
20826
7388
23706
1348
10119
12324
15243
3918
16656
14295
13766
16864
17872
21366
26521
6048
5929
10980
13605
4279
28396
8638
101
8394
25981
21743
108
14636
9010
5758
7662
17234
16637
23467
30978
8071
7243
20795
31782
31712
8747
2576
8324
6003
21939
31740
18292
17860
5535
16087
19777
18048
25916
16847
14640
17774
15493
27392
11966
5794
9099
21829
1066
756
7450
8269
8755
14512
9369
1777
4387
13455
17202
12228
22284
14054
51
27628
2898
6430
12468
22577
17257
5988
27259
5204
15584
25249
7708
1186
26783
3757
7268
20936
15213
12480
2808
6889
26549
16937
3130
3566
25737
6978
7788
23070
26087
6819
30232
12526
10811
19606
22447
18714
16678
9931
13424
6132
12158
11341
3723
13564
5270
3509
26759
7090
13503
6558
17377
16296
3342
4440
29430
9947
21600
13793
16930
32323
3484
8464
15402
23721
3896
16148
3543
10169
9215
31773
19684
20312
10513
31321
9755
21304
19755
25634
14010
18089
21800
11894
5403
18098
2504
24487
19604
5728
12977
11859
20637
21854
17075
3223
11056
1222
6480
29568
27254
20023
32124
706
4511
16680
13729
18605
4369
31355
24806
18012
2502
27221
30129
1072
24559
11310
2410
19069
24798
9508
17795
21122
34
23701
11701
927
28660
17132
7052
4290
6354
23227
4901
2595
13417
30731
21815
14129
4024
2544
21072
19659
14451
8800
25441
21428
6565
12356
27517
21313
19354
8144
18142
5205
6908
21776
11049
4239
2876
13508
23794
25026
22579
12142
24195
17830
15114
681
31705
2509
30295
9404
22512
29656
28040
3695
24385
31210
19333
22302
17288
24413
31889
22283
25802
2484
32625
17400
19351
8657
20945
31734
6285
21865
31715
29304
3357
19636
32585
29611
4498
10345
11573
12810
23630
7145
10191
21037
7767
30650
4823
26849
22803
14392
14219
8062
16720
27783
8139
29301
21383
2508
27771
15913
32098
32413
27433
3584
123
6838
12015
25017
29287
7917
12443
23808
32243
2408
14862
5439
18861
29197
8418
29112
10151
2874
5200
20945
29303
6838
592
28078
15234
32488
22529
9477
11899
5191
8524
12334
20006
3858
19396
26490
28258
7489
4305
5318
3942
25787
19214
848
32331
12745
15087
16841
24267
27083
32423
19115
584
5674
16713
1740
12303
7053
25901
24116
17119
29008
11669
19243
16293
27954
11152
9111
18826
30541
29215
3205
5935
14924
21911
19462
19767
9176
14918
27964
25095
18771
13913
27316
28361
1225
2813
21238
4535
24099
14533
7003
17814
5278
13132
5407
21120
23676
30747
14519
15335
9466
3277
15205
20439
31361
10353
8969
15227
22816
3119
19514
18659
826
20271
5781
10756
12412
8630
11093
29953
10514
19346
4645
13737
8475
27065
2098
14400
26714
12077
19843
29058
16942
11554
23693
10213
31172
26211
16386
16927
1675
12786
31467
24296
21736
12526
14070
6657
1836
23482
11537
8821
17091
27228
31799
1567
23981
7203
25226
22124
51
8845
3235
2658
3794
13159
28454
16865
28796
1590
24217
20009
1280
16598
22902
9117
24518
5985
14462
6343
6847
9043
14673
5787
21916
13803
5948
7680
13630
10708
9810
18060
30574
30724
9406
6799
28367
5093
13911
29780
31504
21170
15989
16547
20838
25124
3075
19082
10554
4687
3030
29790
8479
30406
30013
508
28678
8966
9434
22612
14005
1554
6576
22057
1397
10586
18556
10770
27147
22241
14665
18885
6634
27295
9023
28308
3239
21285
31420
15160
6829
1407
9638
28366
29746
26718
18943
18719
1130
31351
27321
1060
5370
14374
18124
1738
17839
1111
11911
13554
11376
6310
17187
188
12657
16581
21662
8453
31658
25886
20935
4398
392
10426
32405
15903
4578
7778
25788
1164
26926
22788
12930
25719
9973
23384
31695
3575
14212
10946
4484
11063
1509
2427
25358
3009
2573
7148
7739
5373
1879
32090
332
7156
3889
1992
4939
3162
7189
21273
13983
204
22716
12150
18909
12374
26510
7919
19169
21816
15964
4709
12318
28906
27217
28071
27698
4445
20518
5851
20413
31620
15510
5408
15732
24339
22802
625
25713
30599
22709
21708
29901
15974
29050
17044
625
4808
30125
17973
2601
31254
8607
1286
19707
24082
29086
7539
30134
27671
5156
8283
15565
31138
19535
14775
32358
4626
22673
19581
30383
4524
12713
1476
6257
29154
13778
11048
12775
10965
5178
10352
21456
19992
3253
8302
11971
16055
22451
1319
23235
10872
19056
31540
15635
10336
2922
3176
75
8313
27416
28083
21164
24787
13529
23622
24241
969
3115
22008
12774
2949
10781
12521
1533
22215
3847
22117
8223
21217
31864
9483
14976
3847
19312
15918
11318
5317
29391
17019
17227
10705
21006
16860
1297
24323
5165
25245
18613
4258
16108
974
24599
15329
16958
24296
17113
19881
7163
27827
28599
20121
25557
4454
30742
4172
21389
21520
27103
16346
8039
9528
2957
417
13019
30912
7813
31301
9613
14096
7078
26869
31871
18800
7714
14064
2949
17844
28812
8264
2810
32031
28722
23014
13746
29314
15020
22735
815
31652
22965
7846
21016
4582
24890
12145
5862
5671
13233
5280
25313
3046
24748
4427
22347
4006
20910
27579
22747
3223
14653
28716
5997
30066
30776
4305
15863
1189
28011
18201
24255
18352
25441
6705
28619
31183
4217
28362
27545
29145
23868
1052
27153
10088
25838
16938
17848
4922
25699
15688
8486
28375
2837
4827
24762
6004
25203
865
27788
6168
16251
28081
20131
7933
29322
3971
361
25145
10611
12082
603
14237
14287
4801
32005
25566
14741
26653
8750
25842
17387
673
32592
15293
6203
4575
27211
30957
3464
13726
21849
4387
9219
4895
8005
15443
30425
20389
13272
25709
80
5171
4245
26429
25618
32408
422
12176
13256
9129
11029
27032
25067
1742
12863
22161
22231
10944
7046
933
23586
8080
12359
26637
21035
12780
268
11898
25590
8094
22530
11699
11575
30037
12205
21631
1708
31144
474
3269
27824
18776
725
23026
13326
2261
7389
13979
275
20228
16341
30052
13543
11584
22844
10528
17693
30879
2143
22585
12680
14454
25293
32594
3152
24095
23820
10028
18502
10745
11146
4550
16757
25009
12246
17097
13305
15296
17936
26402
5397
9269
1695
24561
639
16053
20513
29858
15358
18880
11688
28761
23351
18229
27939
11924
15812
3609
31258
23308
21895
10644
20639
26844
21310
10556
7297
1252
24407
18071
22722
1904
21765
986
843
10517
13203
10231
14559
32476
14841
15319
19790
419
24749
27876
13291
9407
9659
30923
19519
16358
24344
1664
26367
20557
1843
4226
5948
21773
14286
17504
9178
19147
18188
31612
11587
2712
15051
12559
23388
4118
1587
6509
10169
27356
17807
16011
6157
24348
27740
17854
31972
31107
6560
17093
2196
6753
1662
15370
21104
15370
17158
17445
6720
30844
13650
19618
24558
4674
3790
5636
9090
1176
11223
24841
24912
24271
4488
17712
7792
28403
32208
20601
6511
32684
15816
21612
29508
11618
15940
1116
25734
5796
2729
18669
21212
27595
11774
27860
23220
8666
10821
1758
8504
19625
31243
17716
637
25667
20542
32221
28670
31116
2623
10372
4938
7719
2104
9596
2297
918
24496
30209
18404
5539
7260
18881
2198
5119
824
1435
16637
28458
3031
10150
2149
27794
1015
11381
30632
22015
4441
22937
22942
14382
1488
4456
16347
29884
14743
5117
20378
11079
24551
20864
23284
15823
2505
12712
6742
29794
19242
29821
6705
1016
13869
4195
12531
31900
8389
12628
4407
25292
26754
15725
19512
30755
10411
684
22668
30517
5774
29176
28943
18107
30740
2913
24605
26608
26776
24490
2820
9274
24569
19204
20920
15885
12270
19741
5833
10508
27546
8793
915
3442
28001
607
23733
6833
28409
10200
31428
27993
26564
1395
15168
3130
9565
19501
32198
16589
21105
9935
392
20176
24528
20152
14075
20273
963
24028
22991
12845
17313
525
26404
11449
15261
30074
17403
5409
6370
24693
10218
29423
31202
2169
8213
17934
10474
28779
15961
18735
25850
20000
18634
13164
11477
31008
32096
15659
16468
13993
15853
27718
19455
1783
14418
27497
29406
22467
24307
28859
10893
16394
17768
30656
7567
10511
13686
21118
2020
2211
4157
21982
16862
4260
20402
9558
27952
30660
15440
25029
30792
16267
11019
16286
27615
7072
22406
18505
14030
24132
11909
19142
27683
3615
7333
16276
10100
2367
13643
9169
2931
22878
17882
4002
3779
7523
10537
3029
2826
11308
28468
27333
16968
21643
11537
10366
20071
24206
2342
5666
12051
12804
22426
21644
27083
17980
23305
25138
28728
16144
32124
16464
16574
23330
5528
29507
30034
5990
3093
25138
13451
11233
30066
23028
14587
17840
29671
14126
25279
8779
30108
31676
1877
28683
8984
21331
29614
6122
4604
19300
21636
21643
4081
16963
30958
14970
6623
20872
9010
5556
21344
14262
23514
16490
4724
1306
31498
22274
21366
4086
23568
27999
10574
29663
28477
10594
32233
8292
7667
26288
14054
15088
13568
18358
4754
22514
18730
22507
20759
20282
18955
9045
32240
12198
14112
26447
28064
5631
11036
16521
17316
27422
12674
31312
5286
19795
6770
25360
30963
10503
16579
18967
9007
17567
30291
2715
20296
17316
2715
18431
7592
25889
8071
16210
11951
333
16516
21017
4704
2666
28634
11854
24666
5357
7740
14248
3082
10975
16541
5661
18720
28291
30790
3494
5183
20537
294
834
13305
23458
23145
21309
17914
24581
23884
23730
11395
30706
13871
26191
28699
13349
29675
16472
27009
28076
8551
18414
18404
845
7526
12178
18262
1570
9379
12517
11135
6534
16928
2993
21134
2613
6587
30253
29813
24750
16642
25213
25174
29404
6728
15737
23096
14582
26105
2735
17151
27044
32298
427
25755
8547
28788
4214
28799
6442
27139
26460
28245
12366
10730
29170
24816
19875
28089
24920
14210
23524
3154
11196
24335
25940
13048
9503
2081
4774
30889
5468
29886
4378
15278
28518
25239
9194
32112
3537
25986
25828
12429
6292
17962
30808
11563
30733
14597
14388
16269
31045
391
6766
1252
1910
21910
22178
2663
7882
5437
3837
25253
23654
10916
89
9498
20391
9792
32169
3073
28843
27463
15000
9322
24596
103
10605
17548
21512
22711
28722
15452
22140
10478
14613
29791
14515
7379
25102
28348
24577
244
20418
24213
20437
13467
26536
18839
5367
30718
30058
26576
30221
27318
32654
13761
3428
20082
20309
27829
12269
25069
12259
21841
17798
26653
10401
10347
30331
12206
14048
29216
21069
11950
19135
11040
21426
1674
2894
31821
26076
1081
9715
24709
20222
28855
11533
6331
9229
17845
18904
9805
10692
6799
17809
16273
18154
23934
11738
29361
27607
11535
6239
27322
4917
26067
18874
2799
16388
14424
17300
21603
7392
23385
32269
18887
8327
11826
20574
17792
23446
24470
19645
30205
21395
27780
4994
29767
3888
2935
24967
10457
14286
22494
24020
29363
29761
20939
27260
17578
24787
1519
31938
11522
18571
29126
16512
31550
943
30735
2762
30775
8071
31103
24526
25708
13156
26038
4094
12441
1761
22642
12402
9355
28009
5891
29319
26674
31481
511
7885
8952
30247
20278
14112
9553
11108
8168
1044
20627
1406
18230
4503
12553
3945
21719
24273
32322
17214
14348
17743
30127
19076
3798
23393
17262
5039
30054
21952
28000
24806
27093
11380
29825
13321
6165
1781
8313
15347
8744
13201
10606
9980
14479
11789
13341
32450
5894
31119
21545
28970
14702
20924
2226
10913
23819
30493
26410
9640
8687
6855
26724
5007
24758
11579
3054
17024
2164
5259
17825
9408
6380
3518
26998
23858
3331
15734
2460
29981
18804
13264
31431
7982
25540
26508
29386
11201
21881
27758
30056
4700
28551
26851
871
13436
8715
3816
16359
15765
27707
7208
32754
17492
2205
9572
30804
4391
10616
12568
32173
11775
22921
25948
2756
9045
21750
19720
286
1643
28296
30747
22480
15572
21780
31582
11409
6454
19770
4932
27411
13647
13138
28181
32404
11574
22948
24907
16816
8163
5847
3645
8313
6386
6317
14842
8393
18340
20205
23672
17623
10023
672
10990
31753
31767
28031
8574
5641
19268
26029
20503
27675
11702
29090
28314
13486
9710
22631
31803
13616
23151
521
28203
17959
22909
15432
12660
23934
18981
14223
1060
4892
11901
20521
27053
21436
6957
30641
16012
13816
2094
21194
12073
9638
7890
24337
5630
22888
10501
13648
1276
18047
1490
15349
32298
1760
18217
24002
8080
25994
23775
6341
18003
1302
28918
31115
27937
21648
22815
22161
18895
18053
16765
24571
28225
32349
29868
22408
28811
26603
25858
1222
24149
27971
23316
14722
32644
16076
28028
31363
11287
24982
9690
8312
14670
30701
30489
1326
16914
30766
26868
4358
20113
17881
7352
15527
7977
24808
3915
23280
7815
8031
15469
16176
16144
9509
1854
5018
18303
3602
3072
29683
21200
32329
16159
8334
1886
3272
32110
23930
18760
15421
29108
20986
27672
30235
29543
31797
10151
15342
17079
3375
21563
748
17871
16632
12787
28108
11095
1828
16229
22747
5693
3962
25477
27724
14005
3825
28361
10447
29822
20696
14218
8806
3687
26708
21934
23924
21267
5647
16772
535
22265
13871
23023
22968
19374
19077
5575
19169
23655
29959
25724
18254
13242
30337
508
24646
3748
1415
16855
29996
208
4526
5537
12369
19990
18172
21145
17932
32067
26012
31367
10765
2072
16854
3051
12014
19605
63
7507
17419
9079
25133
18445
17812
16383
13934
9726
4832
15605
16954
26322
24324
31469
13925
16470
28581
13257
1241
15905
15882
26495
10820
13434
11893
1564
16398
23158
20916
31497
27278
20321
25843
32141
30589
3935
980
19092
16555
6995
16578
11183
9968
22528
6018
28507
14694
26735
28170
13958
23765
1936
6039
15183
1903
9507
3578
29966
25790
18905
21810
15764
30170
1719
15680
23476
479
29628
30263
5890
27294
451
10899
14554
14739
9131
5067
7844
31000
4788
15658
16727
11735
12844
26842
22076
1157
22092
19266
27893
1998
29277
4242
11965
29323
29214
24731
8945
29243
17002
21733
7376
28081
19734
5371
13951
9226
27673
3338
32079
14306
6127
29354
13123
31432
21823
3068
18893
3310
9659
27893
31193
9509
71
7929
7436
5385
5214
26284
11342
23929
23730
7173
1926
26443
17683
18596
27300
13373
26514
101
13285
7214
9446
10293
24402
27278
7183
7972
23435
28691
17721
32188
7106
23725
13282
24465
2826
30141
17471
27418
17618
31874
14300
3007
13996
22739
1412
4659
3924
23572
24672
12036
7917
12387
14946
31601
3213
18450
17893
1147
1276
24922
14989
3135
18105
29261
24949
30082
12094
4365
11401
3470
11653
11324
23856
10301
15819
10163
32303
16979
21140
12663
13514
7696
20207
25320
11563
3590
30203
572
9736
25129
29610
30764
24449
11045
25285
19949
28999
18420
29745
18274
19459
29103
7024
28048
27126
14756
25706
7506
29404
11690
22126
28238
22295
5809
2164
1575
9737
1437
19109
11253
9154
8789
2333
12274
25051
28950
19439
31605
24481
526
30825
23845
30071
16166
14234
25958
3957
19487
9746
26392
31573
11488
12521
28801
19856
9742
17411
20615
8644
3038
11665
31779
14937
29479
23259
26642
17252
30908
21054
10958
15563
4856
3696
31420
20395
8602
7948
23719
4854
12243
12874
5741
865
7326
27661
14840
12925
7504
11812
23664
28963
20080
13769
19887
30998
18120
12910
25590
23012
24764
14778
12254
11533
11739
15566
11409
21863
18612
25292
16441
19905
30955
27802
8377
19143
23948
1507
28828
13350
4510
10079
10314
14576
32508
28245
8066
833
21344
3422
19204
20259
19393
14955
654
26799
18911
15881
25354
21877
26652
2020
8454
11550
32653
27786
24420
25936
21585
28786
24147
5330
23585
17469
5758
29169
21289
22075
5251
4130
4886
7473
10406
8424
24689
90
16071
15352
8747
171
29329
29340
14201
1883
13301
12885
24546
32163
4054
15044
27029
4547
28934
10954
6657
19781
28018
26863
1184
24709
29593
27392
17427
18289
27715
8444
18804
11150
9327
1842
13800
10044
5005
9123
29299
20026
20973
29357
31249
8044
21368
1771
2562
17372
15006
24663
11365
16128
22415
16049
20744
29755
10158
29477
26751
9637
26946
29992
13683
20495
5999
16035
18493
2114
25190
13139
22707
15752
30680
5999
29250
1390
12208
22924
9790
21703
28929
13247
14453
18932
25405
26625
31242
27747
16297
7127
18049
1366
22285
5938
22294
30182
8112
27283
24659
11847
24451
16500
11745
10829
18077
24036
12447
5935
3559
5745
13041
1676
28185
14154
10075
21163
741
11685
17742
6151
28273
27743
26689
26635
20747
21730
25860
6426
26905
10060
18769
22482
28494
15822
14757
23954
804
5969
24909
28729
15238
30048
10436
3889
12236
4418
9788
29101
3309
11366
31867
14894
2800
5
7144
844
22180
20482
6630
10675
17297
9493
4704
30572
23086
29224
18341
5214
5717
10497
29815
24596
27123
546
1118
6336
22532
31725
9795
29568
15295
21772
27961
2529
4109
1552
29598
16546
19264
32344
13411
3002
8962
10293
3752
13211
19595
30795
10124
32697
3352
3131
7747
27206
11928
7295
18025
16704
11432
17813
23701
22702
11713
27743
26930
12839
7344
16842
17802
15763
30279
10670
30500
5942
8019
2293
21840
26346
22222
16128
11520
17579
6229
20038
22233
18009
732
30782
29578
6842
6048
20608
16989
21951
25949
2855
17931
21000
29633
2681
11221
19369
801
28618
10448
6191
29804
13213
16769
8158
27997
2317
12201
31805
3316
4203
23138
24533
17446
7465
5227
11061
9940
4854
5313
21305
18682
7723
23919
31884
31785
19302
1190
28780
311
17012
5136
20141
565
10357
29282
8449
26785
27962
2865
13174
25565
2034
10502
22080
13280
26374
13748
27833
3116
5953
21737
28070
8959
26164
3332
14524
16590
985
29222
25955
25583
26486
1932
28345
19606
31684
19228
24794
1282
22097
7997
27487
14840
32291
1772
32036
30577
1438
26637
19791
7568
31656
18430
30093
8662
30730
13938
415
28825
18201
23165
6166
690
30871
21995
8282
31607
21972
29398
2545
25321
792
20344
6398
20526
20549
31805
23560
6209
31929
16412
12029
21736
29298
30504
28535
22502
15477
16226
17981
24178
15472
26578
10765
6377
25502
21974
32665
23232
29419
21689
31439
1724
1625
903
9565
2917
28578
21792
11893
952
9247
22156
26573
20508
16872
12174
5099
15255
28733
4476
27039
322
7972
2125
28881
17914
27220
25076
7292
23129
9042
8173
17915
22756
18138
10005
28036
29830
24960
8638
25586
2878
10135
18435
16839
20756
17490
601
20337
10065
9257
6759
17100
29679
15998
28184
30185
3407
8833
22766
31502
3626
19281
18329
12797
9674
32612
10696
17017
14458
16168
13887
8199
25659
1770
13609
31474
15800
26616
17584
17041
22908
15618
19404
7372
30051
32198
3928
30429
22094
30189
7531
4948
11803
25391
741
14686
7637
16062
32584
26950
10279
13794
10954
14908
10263
5600
17064
17750
8177
12065
4028
16852
29824
29584
6994
13992
26756
21572
9784
25910
27745
8799
5652
20824
5653
30518
19706
2725
21868
26546
7998
6899
14455
1782
23431
15898
21562
31809
6437
18171
9637
12310
16549
21953
32454
21659
674
17255
21564
19776
12510
26235
32495
14752
11665
5409
17918
10156
25856
2138
17657
12550
1362
1158
593
1963
26783
27432
18956
13781
25931
6634
8381
5408
30866
15073
25268
16619
32611
27153
25458
2049
29042
21556
8544
8569
21129
12983
25024
10458
19998
18694
18659
9603
12587
18185
17052
8522
13882
13550
20214
4708
22463
19498
1826
7301
7339
25018
28339
27975
4926
17839
25870
14288
28189
15337
19227
5039
30628
29219
12609
17160
20349
5936
8594
9201
9842
30595
23106
20763
27775
17141
3166
13749
9516
24515
29370
6285
22042
28374
21804
25209
17371
25928
19447
9205
28934
24355
22410
7693
5003
3948
8299
21118
29765
29024
29550
24344
27854
7933
20010
10342
30615
28868
4013
6033
1592
19134
8559
28546
4612
15037
11397
32071
6881
19428
12055
10168
2135
13161
1556
8794
8422
15002
16164
18307
2973
2590
18143
23999
4072
14974
18236
19571
1962
19940
19020
960
14219
30498
29992
7082
404
20981
28456
28282
9721
28811
18773
12896
1589
25156
31265
22109
7772
6070
16726
9824
10413
18419
2125
31408
8039
15118
4704
30345
4319
7643
4513
6666
31182
17143
29645
11087
6639
29960
31611
15066
30410
15942
31129
18231
202
18747
15129
17375
3734
16070
32488
1886
8862
17766
2080
25777
12020
1461
8318
29682
19294
22579
7958
20023
4521
69
18245
16567
5184
6270
5096
15150
8957
5148
17099
32131
21054
31190
13413
18600
30780
15317
29634
5827
5272
20736
31424
7819
22071
29564
1662
9716
13136
10355
4114
26638
18371
29973
15738
4650
28077
25821
24277
7232
17465
17686
19412
141
6329
14749
13675
5760
26101
3816
16332
5335
24002
27975
30869
32518
12503
20842
32072
472
2269
28196
26109
856
26821
23406
18515
27122
26462
13999
26284
24278
30759
6203
24474
3997
13922
537
29076
13103
26217
11273
9966
21988
8517
20677
32264
12521
24189
24712
25029
4326
20524
15565
1598
4061
17750
24921
32184
9814
1660
7803
6612
22457
24686
18579
27910
32251
20833
209
72
30844
3137
31551
4368
16944
17993
26114
27519
13054
720
21981
13531
28773
20838
23542
14911
20837
12831
10461
6033
14749
5167
24778
19125
12209
8887
1318
1792
13038
21471
5965
23792
5169
28197
22675
2586
22020
30709
19333
1379
22539
17785
23153
7027
20895
6322
18216
12135
24504
1992
18434
29638
10768
7582
30243
12215
25477
26794
28925
25713
10687
27652
23318
26354
2068
9916
5131
16884
8616
9585
21462
29725
18137
21023
2892
24182
31194
30265
11753
30494
9885
8952
18640
5184
4599
29682
2830
25410
17407
24558
8991
24639
29111
3063
5555
25016
10734
21679
29106
3206
18788
486
1405
17427
31280
22635
31095
27338
16991
32290
29636
1740
26078
25687
10576
7909
8090
11346
19
25534
30181
14892
9876
31060
11804
27105
17580
29864
9094
6821
10637
25017
1408
1148
6914
26031
16599
3077
10745
20825
6262
2198
12350
14297
12609
12430
23433
23966
5440
8167
27067
5011
29184
11531
31333
21142
5686
32745
6538
11052
29350
8007
26534
23923
8771
26714
750
11608
15768
9364
5594
18185
32102
12733
12001
18350
28815
28741
17795
15956
18738
27609
4237
14633
1304
29236
4505
13039
30031
3128
31188
29867
26900
3389
19460
16285
32759
11433
24521
21365
26425
24000
10786
9412
1657
22974
28468
22449
24463
4131
16711
21229
9657
29007
28946
32489
20469
18254
21304
1350
10925
4341
32530
9357
11417
4910
27311
27680
4834
5264
2073
29808
2179
30515
18394
26481
23797
9410
9407
27979
3595
209
7388
20819
10523
21873
15312
29497
18270
28162
6731
22658
10649
21577
30413
29241
14077
25539
19376
27362
25420
10040
1640
4272
16446
13458
17418
12280
15907
31472
14091
29156
24521
14071
6730
4972
26016
360
21841
2178
13340
11256
13784
24461
31067
24668
25227
31001
22024
13731
27406
26573
3455
12232
6461
3229
306
23944
26552
17217
31563
2161
16799
13029
3219
11068
28570
5922
402
8796
22045
5421
13048
19159
26858
29006
13627
853
30679
14484
11138
17270
14545
13000
16834
15721
13089
12447
4646
15803
28654
2611
31157
15724
5123
25012
8239
23112
18131
32347
14135
10612
2746
21408
13495
6216
27270
2221
3201
20316
8246
5138
11570
19430
6402
16314
17500
9027
31387
10526
3556
9427
3507
4536
12968
19978
12736
5051
31333
17604
15869
3841
21721
19417
29618
25157
32292
26098
26038
17554
17012
6811
31026
21243
9441
4505
25511
9869
28054
30845
18995
1666
25394
26233
26128
2743
13166
12915
21085
16993
20223
28504
26401
13051
15550
691
17805
17283
10246
2430
31105
26597
11869
32567
21586
8376
12375
23351
25803
9000
10680
6208
12401
15667
21721
23125
4619
18969
7501
9934
24930
19213
9667
25259
18502
30769
25902
2857
26833
24001
7972
23699
14576
22926
15236
23387
14110
3247
16732
29545
23667
5491
30986
8627
28638
9626
31137
23566
7855
18628
9614
11075
32344
28457
23163
11110
23412
4235
22643
26211
31240
31593
9287
15578
11017
9334
26929
20781
23327
2633
7608
10455
32425
342
28627
30719
32513
31773
15441
19276
3329
9121
5496
1020
31942
21532
7405
23088
3763
20977
13524
22922
18873
19170
19511
3066
19158
30595
19116
18133
11740
28910
24370
20008
29556
3769
13917
16971
2146
24869
23475
3001
21003
7064
19029
14622
25652
846
28898
946
17420
13899
11416
28102
23661
24212
32700
12188
1887
9630
1852
26236
20702
31751
29588
14852
22237
2436
2286
27584
27274
22811
27277
1275
22228
5522
13675
5844
28714
27175
11809
16532
20870
23425
1544
28734
27307
11495
31646
4456
17323
9648
23083
7754
6571
19194
7332
18197
14570
24991
14287
9094
14336
19557
20392
8890
30820
6773
23556
11588
4145
23055
116
11645
298
891
7020
29211
24827
4163
20644
7941
22210
4767
4799
8294
4557
24881
28715
21504
7589
10994
10056
23748
14156
1901
17868
21663
1988
22315
22374
20630
26576
2158
26529
27413
4351
5154
23308
18564
24549
18192
25496
18972
2988
11093
5185
25337
30412
9746
22512
17264
32022
7526
20384
20130
25335
15001
23488
3665
18939
7322
21721
6387
20112
3756
14193
7685
13069
5980
18223
3234
15346
29622
27968
2132
8561
21176
22008
8234
14894
25863
4541
31755
17220
5345
15649
29769
27016
31315
29774
18297
30737
24492
5543
25219
20472
27185
6060
28405
3420
15122
30238
7069
32169
7325
31332
21334
19226
4018
25390
22050
381
19831
12120
26745
20535
4428
4113
3297
11655
16130
17980
31679
16143
14663
28438
19821
11152
31845
1050
2700
14837
20781
4642
5788
24979
11309
27598
10442
12207
3370
23337
18184
9792
29386
5770
30563
30711
13968
31929
7057
17789
25869
23635
10954
16380
26197
19056
15834
21728
2737
19586
8563
18143
20371
22913
25287
22582
28879
30277
2646
27190
6663
28979
30981
13824
19559
283
7025
653
19603
19297
26498
31729
11486
5467
22595
4064
18365
9467
23537
29553
15995
5294
26706
13858
20526
7811
10567
1564
7401
8848
32165
2489
10547
27794
13889
29252
13752
31955
19274
11264
16191
22609
31708
20331
15068
9244
3025
14275
25191
4096
5083
25290
9516
21604
6096
32199
4324
18290
22340
17357
18149
19832
3165
4415
20885
10382
3299
20628
28196
27514
407
9304
7803
5072
10182
29299
5999
3934
20765
13486
24379
12486
5567
12915
12333
22381
27797
2004
29599
20116
7653
7632
26921
10181
17447
30673
19989
5233
20244
31352
6419
727
15615
3997
7726
551
32360
19346
12031
12776
14287
30632
2849
16535
21958
9717
13541
15761
10058
12884
32326
16947
29267
21676
25119
13887
13994
10358
32155
13185
4859
19833
15853
19635
43
1496
5698
15263
22251
30031
20980
14979
21390
26042
22273
3257
3095
13527
27835
31383
3223
20300
23233
17557
3510
23788
29741
20909
31119
566
25359
7432
12993
23326
18459
9942
20930
4881
670
27774
19575
15923
13495
11255
15362
22507
22467
30325
13532
2721
29977
22089
25891
9414
22264
3074
27957
24341
17853
9945
9853
22553
9561
31820
19597
26864
1795
17160
15469
14158
810
21772
15923
10437
28590
23820
3284
6979
17999
29459
4154
1756
20326
27757
32151
27849
25811
25284
20984
14257
24886
13961
23325
28968
3938
4246
17032
28790
11790
10001
20180
26265
23502
18835
20296
27533
32578
30857
26028
28874
32653
3035
8795
15631
24841
11468
9882
21854
6714
10018
16680
30535
13568
21894
14615
2154
4112
11565
15065
7992
21668
11448
7070
2297
29810
12889
26334
28947
17371
32056
27185
3465
1126
24085
13159
29890
29548
23342
13525
140
12565
19299
1005
25184
4995
11416
26130
19688
14924
14683
8106
22206
30254
454
14708
31351
22782
2983
12315
22496
482
15839
16908
6791
31168
6920
20357
10621
13302
3931
239
1115
1868
21968
10094
29059
13094
14470
2998
25000
17663
12390
7968
11409
29202
10244
17149
2841
14682
26053
6698
29307
25021
24903
6373
13516
10373
2045
18142
2761
13327
13594
26513
27347
7879
24753
31956
20792
11860
18970
22444
23988
2831
8599
11109
27192
3002
30007
22242
32489
26991
25851
22577
18284
28630
25144
7778
28001
32155
32316
11674
31789
26911
3124
18787
12797
7534
6734
6470
25096
882
1562
31644
19476
2918
12342
31393
3387
27276
4906
6090
3567
24867
16785
24921
4412
7316
3962
1582
18765
2540
27405
23520
5426
11406
10354
2828
19424
19754
17646
21997
14457
5353
25935
11565
11214
26858
5003
1787
18211
6642
32676
11358
25650
15455
18382
28873
15986
15454
3028
2031
16792
606
20408
28120
8542
15301
29082
5429
7812
7137
14042
20465
7445
10529
13441
9736
28652
27269
5853
3740
32118
2387
3180
16198
8634
15116
22524
1450
29078
1950
19983
24398
17227
16347
16772
17324
8252
14378
9076
21637
1010
7036
23131
26745
3172
27266
5240
9173
32629
31518
6518
5036
18879
3095
24395
32553
23183
16656
26209
25379
304
6843
8435
19442
12141
16202
27067
385
17745
10022
19914
14757
18993
484
11703
17581
14061
26485
31227
26683
13682
10652
3740
23634
31107
22949
29193
7855
5818
22101
31557
4189
30665
30237
9032
4484
23302
8594
1443
3970
30759
29218
21602
14652
13129
10495
17206
19894
312
4704
11732
14562
24810
10473
32152
29366
3660
3431
4718
21633
21058
9921
13042
22655
5096
32300
18390
30635
3871
11165
26244
6612
21573
26244
28421
19443
30019
3767
16674
12476
973
16812
19657
24435
17637
20460
434
9473
15777
9924
25153
23367
32047
574
15791
19122
18454
31568
21861
18960
2238
18002
29096
4258
10547
13749
10619
28274
14886
21747
25025
24294
2869
12226
18339
10646
6252
6541
18993
1371
28939
2340
22348
29096
31625
23731
24515
14878
15066
6641
26300
22618
30958
32409
8278
10258
31354
29982
25484
8544
8186
16795
29533
3421
6135
31496
25385
26866
1669
9396
6751
27115
17937
31727
15189
23117
9561
19975
29047
15850
18108
27255
27300
30258
1204
1370
32725
22604
32673
7718
20736
26982
14536
16022
22588
13641
24219
9704
14373
29488
11835
13385
18818
27866
3643
10894
11301
23518
18087
4644
24339
12607
31300
24906
9189
31552
17690
12157
12654
23929
9264
3636
31134
20267
2711
22990
1702
5073
18345
5833
13149
8695
8851
12084
17123
27727
20241
9319
7044
16642
8057
2289
10463
13124
6139
22226
10567
17195
18215
30187
27241
14273
1967
1714
14639
24408
3951
17706
2277
10781
28586
6163
5531
21232
27287
8285
1482
2675
16924
23779
20282
22625
25561
13910
25378
10018
5736
1911
26002
11676
3043
30090
29710
11083
32167
11527
16251
10900
13656
22162
32064
15702
10022
22573
29605
26563
334
13997
9598
11630
21731
11114
24846
29860
15310
16955
13862
13312
8212
5026
6029
7738
2135
28483
11172
16448
3488
2715
4170
17800
24155
2030
5630
22180
29347
27009
13891
17943
21952
17674
18761
32615
10478
19301
16073
27763
17248
30856
24113
17671
4997
32697
20993
31918
9610
18431
629
17095
29472
3286
868
18651
24703
30502
6504
17198
2731
17014
6719
22420
19190
16989
11377
28294
5062
23610
10803
6773
2712
18725
11148
2398
837
13350
31670
13471
16516
2212
32199
17161
7601
1312
17553
20790
1485
26147
25030
5149
23493
15732
12384
2531
14327
18831
7743
11509
7922
24915
14612
23891
5501
18427
639
29743
13788
32079
20340
13750
10830
24091
14051
5422
12506
10465
21400
32577
3147
15051
23904
7832
1658
6371
23917
20140
26571
6534
507
12505
2042
16918
21812
6069
23576
11504
23377
15519
9680
2974
23555
29595
10223
6477
23313
20829
1060
4481
1090
30627
9731
32519
3709
31688
24400
30508
23087
7062
6523
5420
20205
13405
16487
18925
15451
12353
19055
21485
16972
24024
427
29561
1066
26101
29295
12065
11161
21438
8981
15464
32343
25349
30973
24768
2918
2261
28369
24245
13166
27210
14
17256
4189
13734
28096
10303
80
4514
16525
15579
22454
5890
11252
11594
32434
2156
14039
14462
32194
15482
19767
2814
15775
28174
8000
12764
32356
26342
29061
14823
18929
14448
17036
20257
26002
30431
27021
28788
1756
10878
4727
2976
20440
27460
15156
5496
22116
23209
5678
29262
15061
28601
30226
17068
4577
18791
9940
26693
9661
31523
22515
22314
21122
1967
31742
1857
469
32302
16727
6644
2503
28030
2103
2086
29434
8647
31218
27755
27142
24660
9596
15736
24602
5538
17708
3288
7911
10679
4545
7649
21433
28341
18083
26855
21991
23983
15211
24239
11374
5563
13988
38
5849
20809
24019
7763
7524
17843
26294
22155
27744
8469
28106
7908
32473
6750
5647
30444
23671
18343
22031
4250
28322
11972
5661
1412
12521
17433
987
27731
16549
19375
16127
25204
4057
20616
17238
24081
16221
9775
13321
23616
25660
10386
27679
16250
15450
11796
30787
29262
5722
24543
24007
8790
28862
27767
21226
10091
5200
18581
19542
27413
11713
29234
1005
25669
10897
27106
23749
31559
23854
22115
18545
27122
11360
1654
4483
27682
20964
17645
12110
21608
27736
13062
1777
22783
26711
7415
15761
11522
1252
31946
32741
14813
30476
8043
25336
3330
28871
8192
16938
19933
3872
11640
15992
20489
29589
20071
17150
5572
3265
5905
12986
22176
21048
1476
9107
24188
30643
31084
19098
22707
23405
30305
32143
23443
13260
11651
28071
18449
16452
31113
32652
20922
377
18070
25766
17133
15523
6157
22937
20808
20023
8359
11791
5728
4036
8387
31159
181
21786
32509
8846
20709
17586
20225
6237
30495
3914
15010
27010
25819
19152
294
5364
9928
29825
228
15746
23302
24146
32530
8795
22422
2959
8664
211
5391
16578
20648
17252
12690
19158
28370
8691
8191
16764
9299
5973
22377
18638
10478
20498
5832
5682
17791
30313
4334
15490
32651
32660
5309
874
8987
24141
1430
19985
7883
16016
14356
21755
26142
11939
1787
14126
19988
22868
13419
9875
6143
13698
27482
13216
7826
20190
30017
31796
22843
3059
30740
16834
10675
5476
20600
10930
10195
17013
23601
13060
24489
11981
18649
4151
13771
23931
15064
3177
26091
3382
24720
7359
20396
8681
17880
14087
1460
18287
31660
10908
21250
12698
26658
138
10882
7547
21152
9971
13535
30685
77
27570
28825
19731
29893
2621
6231
26100
11025
20688
17278
13859
23254
8392
29954
32660
7628
20045
3197
20299
2418
9011
19838
14183
4353
2338
28963
27232
17310
7925
30186
7053
15059
15713
8644
18665
19776
11991
27243
21014
22926
7851
14326
162
15781
885
13739
25994
19999
2232
9492
12284
25084
15297
26453
24929
18071
32722
12476
667
12248
3456
6810
16011
30892
346
1873
1495
18354
15819
3247
8170
27704
9282
22650
19772
1893
27023
17228
24275
21943
2449
1441
26378
11441
7694
17199
26513
205
7394
24694
8373
1976
16732
22167
26081
19134
9445
31081
7013
15747
19170
25546
16759
11509
9180
32307
12407
6782
19422
21392
27256
22398
2079
10318
9723
29944
18401
1973
30205
23436
11417
15224
13109
8101
23888
24970
2711
26099
10569
5172
21788
27676
15844
22629
7365
2478
29634
17993
29406
15705
30506
8220
31616
6747
20396
19265
21081
10811
2820
24462
11439
5818
3905
16619
23715
12295
22566
30491
6579
9010
9168
14297
12931
29923
21145
22311
3037
5196
32317
4579
4342
6748
3131
26267
30963
2357
16254
28834
1451
8161
3389
31075
8111
5696
14624
13302
29576
21829
31908
22257
29759
32610
15808
2177
26403
23873
6345
20665
23750
693
16787
1577
15177
16368
32729
26803
15833
13046
19166
24218
3450
3410
18517
2012
22275
25095
12926
7106
618
4041
27027
17589
28482
7021
13410
28243
23170
3743
29755
14786
20872
11987
20492
3140
22110
8318
6859
27660
6459
19077
30996
8017
27469
3573
2580
16800
20149
9718
6053
17270
18388
17402
4538
2062
21445
15418
22782
5496
10282
22115
7352
2795
8236
5772
20466
20828
31421
4716
31194
14927
20000
9930
25960
238
21676
8500
29761
24920
30413
12788
6364
14907
13899
14912
15331
27813
24271
19121
4316
28183
8099
26103
7688
16604
29369
23498
31627
18072
29935
20515
3534
8484
5009
17069
16162
5529
13087
10870
31910
9643
13137
31211
31338
21305
29785
7939
724
16929
16744
21434
21827
11353
17523
21185
22515
23612
26423
17524
8481
8481
17787
30732
7023
29234
5269
15638
18825
13180
9263
28964
27913
20802
23627
5570
5272
9623
23685
683
21846
23596
8344
2109
13181
18534
20004
5675
32321
25011
4015
14962
8954
23071
8425
3214
15236
802
28724
22765
23526
29884
31075
8356
25395
10948
15810
16737
21422
3198
32087
22944
30257
4715
5480
15650
19664
32357
10302
3483
6329
23019
29224
19372
30558
11961
28610
29712
23255
11675
14710
32026
24961
14212
14404
18527
20716
31962
6079
23728
14324
10005
6488
31819
31789
16520
11487
27473
22149
20094
29255
31355
804
20873
2218
10761
10391
8215
20108
30972
14894
20294
30564
13445
22946
7674
6745
23485
31739
5676
7753
27542
21937
22661
9999
10002
21010
17963
26630
12211
6627
31963
32713
562
27978
22840
16701
11124
21740
29538
3538
18873
28242
18891
9477
11799
22417
3654
3370
12839
32298
18785
31080
5630
21807
18421
20741
31326
13991
1787
15331
19246
29748
4513
22603
11816
23283
1438
32234
18898
11940
12738
12825
30895
24587
721
12642
15542
661
12945
12863
1795
17727
27938
17700
10189
29364
24718
30144
31384
15541
27297
4481
8875
22206
22779
14166
27589
9191
28515
5304
8972
31752
10334
29675
31814
19488
25600
32641
22347
5624
30979
24353
31162
4867
23574
4486
4332
32393
20855
10186
4134
19204
23748
17893
16147
18123
25359
3185
3185
29677
13104
20400
30986
5984
26719
16335
12006
17243
23298
26220
6335
24832
5059
7511
3509
32062
29926
25237
25923
23798
3545
11691
1906
7260
19725
10777
19788
23969
1029
31524
17812
19151
29101
27864
12724
28404
18156
13902
20215
10882
22908
12587
16376
18166
30970
10857
10843
28088
6713
12378
23738
1602
19676
489
4322
16261
12068
804
7744
18568
21510
23287
12438
31827
20353
7738
22258
1291
23854
11247
32481
14942
21785
7876
12256
16162
25295
30688
6931
8760
12984
26331
21306
1719
2471
21262
16608
5958
31408
2574
9941
18634
12090
14195
19167
12354
30036
2526
5805
28654
2125
10554
17676
32695
18302
25153
28510
21707
20331
11074
3911
11400
10507
26146
18601
32411
867
930
4051
23145
11098
27615
32757
13230
13768
20511
30167
25187
4048
18890
17099
23014
26992
27319
3041
23381
11862
8873
10585
10042
245
7706
6750
29294
27609
567
24817
8759
15671
10795
23075
5044
16585
18848
26247
29307
19416
6275
30439
25216
20379
27656
20790
313
26047
24815
8646
511
2887
31493
11451
27064
32150
24045
13248
11699
28106
800
25592
14803
32332
4403
24631
8688
16037
14425
15219
634
6548
14376
30581
21599
26973
29344
23508
14383
9827
12393
14628
31871
25593
31324
27755
25483
3958
11333
14036
27679
9607
9447
15784
8631
20938
14145
18041
14309
11416
16656
929
29939
2850
2709
1259
12233
5567
21400
8335
25874
6276
12717
26724
10139
16918
9142
32593
28667
17596
32425
25348
3961
3512
6036
32231
18986
1752
20190
5456
23642
5704
24783
26617
28461
20650
8018
4271
16518
4456
30970
334
552
27977
28996
10732
13340
13123
28188
8277
32338
28561
32418
23480
19851
9477
32557
22687
14197
12446
16016
14628
27160
2909
2205
13666
10866
24149
14824
28715
9822
7426
16590
1017
7611
6619
12213
23590
9929
18730
17556
11871
4566
9756
2487
10326
12315
28180
29628
9655
481
9797
8418
606
4072
8064
7555
23751
29704
27722
20958
23749
21785
32050
32026
21111
23057
22370
24968
16760
22636
6515
1577
11351
16849
17030
12656
13383
5362
28560
328
24855
21940
757
17497
9572
20624
27225
30855
29453
11576
30386
4796
29671
5246
31394
29672
15026
28018
8965
12102
76
30155
15814
1504
16677
14729
25334
15189
20211
11736
13343
10202
10919
29494
9685
11135
15007
728
1935
26292
12573
19274
15797
23563
14072
87
25082
24383
11921
8744
15852
30070
8969
32688
21449
2755
14257
14407
27029
8431
11202
148
19049
23417
17999
11953
12814
3291
15991
20874
5835
10511
29663
22406
17786
16722
2912
2154
993
27944
17404
22138
11584
17568
6167
19169
32039
20441
32483
4434
31882
4037
25117
26352
17687
1069
7159
28779
3783
21237
4437
15212
15284
29858
15419
28468
22058
2585
14982
28800
13568
16297
13531
31919
14889
24908
12766
38
24454
1066
10660
11252
1534
26975
28010
3762
15057
32254
14215
13485
26409
7254
30623
4936
7667
29300
12058
17307
31724
12777
29140
20576
19967
27853
24342
6928
29134
17411
9926
7241
9359
19135
28378
883
13337
17222
11538
31139
17982
6389
18663
3007
10844
15237
6591
32740
26927
16269
5474
6660
1769
26696
17073
5076
11141
32409
17558
19429
9560
6476
4407
28688
31209
15007
10607
10008
30978
26369
25726
32139
1543
6425
9215
6633
2951
14090
1051
31752
19729
27894
23549
19383
2889
4289
8837
31394
11834
29463
2881
15734
27118
16816
28569
8261
4412
24274
22601
14891
2786
21016
15125
17458
7380
13939
16567
6003
467
18798
10013
22142
32064
32694
5073
17916
24883
17113
27321
6291
15048
15438
32000
12810
6329
20918
9300
9646
8242
13921
7762
29684
25568
13844
15422
19295
12620
7433
15096
20644
18535
24888
22315
12813
12645
28885
29128
2587
9423
18970
22707
21871
14804
16454
1980
32746
20193
4582
30160
19732
24689
13395
17008
8122
16933
30844
22371
25820
28183
27877
21160
9670
24172
8432
19631
1404
9512
11612
20169
11611
13894
9739
3548
27902
6153
22792
15707
4447
28045
32456
3701
14142
4001
16304
12173
7367
10201
13016
24555
13935
478
14863
27569
2847
1801
24351
9232
7060
6192
5714
10171
22790
14784
2612
3996
28423
17932
21659
21447
25775
6629
18661
31916
22774
28523
13185
29840
24161
23330
12977
3390
14817
8009
3213
3577
2296
18791
9804
23990
4893
20006
191
7560
19042
5988
24094
18268
16212
14472
29959
9446
3106
15634
21700
13019
31490
17783
24269
17505
27601
26155
31117
31428
15609
31999
24681
25962
15256
28845
13567
24073
24287
3761
13739
29975
21176
31579
15696
642
5547
26659
28757
11938
11778
1084
15085
1900
14891
23404
1180
30184
24671
5914
15607
10213
24961
21929
9643
16875
21321
3076
32192
28017
17825
9594
29215
5968
22351
21965
30546
29304
32213
20869
28812
4833
1173
24714
18409
13509
1849
32498
23542
1037
27474
24
26228
30729
7487
26606
16473
5987
5201
28308
10008
14422
25133
25129
26402
4379
20849
23265
4013
11428
22426
30039
5044
6029
24101
1829
31807
22864
9972
435
4068
3512
20468
30540
5006
12952
14845
30327
2173
32188
22265
12164
2958
20256
9033
6245
14781
4960
20068
703
15848
10864
22209
22593
27606
9869
7416
28981
3191
30579
12836
14676
16237
21969
25995
5855
5580
762
21889
18411
18974
12509
1929
10749
14763
9783
19390
8150
759
29447
28529
2448
28043
18755
788
746
32504
19913
14166
23521
24858
30104
5520
32640
32154
17216
5984
15608
29366
30871
24979
9971
17733
4270
9801
32038
29685
5635
29267
21541
20440
10488
27104
28540
15903
19076
14425
507
18213
16169
14217
18513
5807
7718
4609
12765
20850
24813
25787
3008
25557
1751
9213
25143
11769
8471
18304
3112
12534
23277
466
5370
8552
21020
1785
30890
811
21405
9817
26139
12898
20629
15320
31662
32190
8069
15423
12819
13821
24000
24803
26975
22192
1315
13958
19550
11330
2560
4984
32298
6966
5467
14593
17916
27824
12121
9220
11587
17463
28149
20700
17395
8889
31733
30346
32544
6863
3100
32018
26059
6723
3234
13090
32764
27856
12001
1781
15377
23592
5969
18039
15957
4412
18870
10922
20180
6839
9624
12872
22894
15563
1780
4010
13355
28209
24369
11752
8142
9835
23125
4418
13997
24909
25721
5822
15807
31675
9083
22291
3063
19892
14578
12486
31696
9616
24679
15763
6954
2181
15810
14094
3412
23664
28674
3722
21354
24274
15409
15418
28385
3353
25751
2454
4704
25122
47
23296
21713
3323
26199
15528
6841
1261
715
13997
10692
7866
9684
11397
6821
1827
9405
19358
7452
18093
24199
19781
16984
12965
30942
4040
16768
28514
26955
19159
27277
26570
7850
25392
15194
24088
24287
8572
19198
31196
11461
20595
32601
30530
19047
1607
16621
23448
11123
7488
8431
21259
27627
8099
9630
7089
7966
10969
12500
8653
2775
3533
13531
12622
8916
9878
11137
24728
22649
17238
879
6279
4806
2658
30646
23985
25223
11683
1451
16108
18122
27964
29941
3345
5526
11628
9700
16383
23770
9142
6661
11490
20388
24384
27379
29109
5011
12410
9071
14853
655
13311
11955
16632
13495
1216
20996
13455
26267
22879
25735
24104
4012
4313
14677
13383
15601
29288
28625
14741
1019
9384
7738
19753
8730
8184
2684
20487
7121
8227
25932
17382
28808
22848
15219
18231
13953
29654
4458
4706
13069
5188
23848
23123
17152
29024
21048
15413
10082
15967
13326
5757
2663
27637
8859
29483
20641
1212
5407
26444
2677
10458
30527
3012
6604
27871
7255
29514
24586
8172
32017
16820
2116
15642
29495
18549
16814
3097
26565
19556
32338
13592
10051
22719
2568
19429
20561
17263
3490
5718
4228
18061
21095
4583
9072
21286
22979
31908
18438
315
7484
25930
8225
16652
2728
1705
11867
12695
4253
29260
26149
16475
20266
20060
535
30305
16580
10946
5252
5757
28547
12684
1618
28882
2703
13970
30728
3988
28629
27225
14633
8466
32254
13367
18881
17139
17057
30648
6717
4799
22711
18753
32127
10146
2896
22003
306
22893
4229
722
8283
30942
28846
1831
1073
23841
28117
1571
18223
27286
32618
27588
28263
30421
13879
4349
3353
11760
7319
27409
18052
23800
26339
19008
8700
17858
2094
27557
25917
24554
32562
25183
26879
11033
28553
7151
7115
30340
23329
993
9996
16821
4074
2735
27241
6798
7633
5090
16722
7307
26866
3962
18137
30023
11273
17040
3012
4674
32554
826
29408
23521
14003
27567
10136
8630
11902
18603
25285
7170
21851
18197
29128
9848
3261
9440
13271
6212
12467
26927
404
23884
23578
26556
13028
13494
15634
4986
14078
14506
3502
25721
29378
4953
1264
21770
22861
1342
21492
14885
29386
8355
875
31495
17802
24168
17739
27679
21848
28672
3781
20779
11526
29372
3704
19103
9804
26700
21220
12870
25555
6275
13601
11051
12684
16474
23504
26810
16198
12856
27219
28963
27008
19312
12345
24319
1147
25355
27900
26166
23956
5577
31727
8224
26321
4962
31858
25322
16570
20753
19048
10300
5738
17747
23275
18200
32741
4333
20798
1286
24236
14636
24578
17006
26767
22384
19117
17989
21699
25068
6969
27883
24372
29095
24601
15956
5660
10694
1649
12135
9685
9230
9350
4771
5868
1701
18548
31752
12918
10008
7967
7221
167
24226
1899
22222
5536
29612
26032
6176
8329
15504
19304
11784
28896
24482
18219
10256
26128
21617
28894
732
32070
2634
1575
8901
29056
22526
11043
25027
8679
6373
9052
13456
12894
6947
5877
11018
6747
17194
14376
20442
5621
2177
23795
11091
11583
12227
24845
28060
17877
26090
25631
1042
29364
8397
14385
7656
30287
26856
5218
25616
10975
28764
24541
26719
17658
6966
10504
4076
9319
23796
7423
31929
10033
3910
4928
14997
13050
9745
424
13120
26770
25785
27806
11729
13768
30880
10126
23893
14720
7402
31129
17081
11782
11140
31370
26090
19874
16228
15372
10810
25965
19474
4891
16902
2658
20071
5561
1429
9400
31380
8418
12612
17776
2919
31425
20192
31274
5834
25892
20052
4924
2957
13358
4484
4101
15461
15691
28536
9599
7220
12905
29373
4884
3978
15718
22280
14771
30572
28612
2589
10530
22869
23204
13295
6038
18555
25330
2569
30593
29779
9693
29228
8107
87
394
14394
14724
2311
5641
23378
27065
31278
21128
13885
26373
6758
25286
1801
29514
28638
4299
6643
27360
25179
28375
7051
24108
15997
23960
22034
26997
32324
17055
24103
16116
31442
789
29347
5930
27507
5802
5057
31607
21978
18127
5506
7911
21422
28197
12623
14671
20805
19509
23264
6297
10671
16737
23646
23644
17398
1818
32196
4016
5540
14420
15243
5440
11910
15927
20614
6560
12720
29976
5899
32737
24513
7591
1363
31843
5736
28266
18723
20971
26919
22890
18092
25845
14167
23084
32433
6476
25453
24546
8167
11735
3963
10211
18337
2742
762
7257
13740
13710
7622
2873
30584
24608
31850
18809
20089
17697
12702
5757
21965
18245
14606
21458
11039
1694
1885
25886
7883
24612
23402
19543
12099
2965
13522
22068
21425
19327
5046
27361
23006
25498
26046
22263
23378
18780
17501
8363
3517
17096
26711
15686
29333
26503
30337
15061
10753
14393
2504
12833
27894
16397
7797
5345
29343
29839
17072
11311
17667
18370
12354
23353
18658
8303
13215
31289
31967
11452
1059
23975
13285
17152
29084
23980
20163
17622
2825
29147
14617
14449
8865
13596
11640
3119
21271
26088
1221
14448
27165
14012
5342
13224
23591
711
25216
27827
9585
15078
10857
16233
15427
7891
1465
6003
30836
5786
11678
13661
5165
16460
8752
18923
10735
1526
14490
23473
21463
20436
21627
10974
20513
9923
20620
1881
20204
23285
23170
19727
19772
744
17974
31371
8517
26265
7171
5575
7143
10997
26223
21313
25461
20880
782
13138
27578
24729
31396
2491
12094
18190
9354
9089
3525
20780
6483
32508
29721
16682
14510
18986
12553
24614
18062
6985
7090
7008
25481
6052
28413
422
25726
31917
32361
13583
19835
16204
10251
9452
29662
13687
10195
9212
3002
32259
12304
11999
9340
6841
27446
30413
22734
28845
19167
1160
13755
8907
18449
1935
7444
31411
30911
9621
10003
21447
7826
24113
18239
15489
4841
22231
14479
16907
13342
8967
29906
6665
14347
23748
15182
7865
1996
8520
27304
20799
2247
17910
12804
22074
30442
22928
23916
8347
13364
17834
16758
16055
12663
9311
2593
32155
21596
7746
28929
22175
32423
25751
7836
23358
6844
7108
15123
4900
20834
18946
29189
137
19656
7768
28080
16062
11462
9162
3417
28421
4196
13518
23278
26534
22688
17151
1003
22847
2156
18197
22906
24156
26103
27925
7134
10567
16685
20677
5393
17442
897
24163
18092
5938
27882
11158
12040
10622
8747
23717
27043
20377
28760
27111
11973
15548
27030
22907
30307
10775
16162
16696
16963
2153
31893
9447
21345
28623
2150
1200
20114
16857
3504
12243
5223
12771
13109
12185
20564
10147
17316
24201
785
12286
11031
32734
3137
28704
28128
27449
30546
20171
31877
8340
4004
18415
2313
22647
32749
7804
16749
25710
220
24692
4983
29626
23292
28996
23986
4167
16348
3668
12726
26590
15981
477
2985
13724
22187
30715
8966
24483
28799
10755
14493
7439
14820
21526
1500
14380
12362
10486
12620
16614
22839
14361
27742
17280
28212
31228
7784
22409
32743
30394
16619
6924
21629
15069
20759
28168
1355
3700
31377
543
8116
8806
24435
4754
19789
10245
8597
22637
18239
1766
4363
3839
6381
9457
9198
7309
30167
29876
7008
13128
9918
15868
31178
32379
21002
21671
11880
12297
9064
12724
6664
535
5815
8860
20750
262
27173
741
16060
12708
31637
13300
3504
26531
5445
18211
31150
24650
28077
3603
28320
30058
24234
1348
6363
31892
6107
19682
19108
9865
20555
9186
23283
29426
15185
6478
24951
3153
17589
26589
29657
8248
22548
12231
18501
1977
14214
727
24871
21533
9597
30402
9778
5080
26097
12727
3751
25533
23226
9527
16596
8303
16189
27431
19163
19480
18250
31012
22708
31837
9541
7702
2933
25745
15236
32264
21969
20520
31993
55
479
8559
16657
25448
17437
10363
3803
27775
32693
26207
9069
25422
8191
4259
14212
20907
11078
26865
18538
14533
29391
15632
26653
12472
1047
8983
22701
9822
16221
17882
30438
11112
14176
21929
14383
3246
15978
28986
16306
8900
17549
6883
20157
4302
27437
3596
5224
26005
29119
2277
8313
21210
24527
24148
32132
28394
4168
25650
13911
13426
496
4534
19093
13461
4402
25137
22176
12092
32544
20476
29372
1453
27064
31663
3442
15200
6502
21396
17715
30989
18379
20316
1342
17930
17341
5136
27076
27604
5775
5194
12105
14316
3730
164
12621
4068
21211
7281
15404
3001
25671
19115
13891
2659
12221
26413
25684
29867
5555
16418
19755
8765
2804
17342
130
5374
13984
13868
17699
32415
12660
967
29260
17523
19019
908
30807
30077
29669
15823
23706
26318
16360
2862
11405
27150
2852
8132
11306
21080
16155
22175
17306
15179
19649
20851
28685
18013
17536
16527
15338
17011
12159
26385
552
29103
3620
12118
251
24969
8152
25525
32692
2338
22538
24429
3042
8660
9334
19419
4542
28174
26791
15857
21446
25183
21178
18403
1447
25808
28006
21283
3680
5751
4921
22160
13733
23369
10020
15595
16513
5168
13882
3978
16704
16222
26293
14672
7820
29408
22586
30172
5590
25974
22878
16641
15608
31138
5736
23158
18200
32511
9560
12751
4303
7636
4905
20140
14218
8425
22100
2353
16433
4505
19093
9910
4359
23081
6641
11967
17106
25176
14072
3118
3387
23095
19528
20151
21111
10043
17746
8341
3623
10129
21601
17531
11133
16305
6616
12238
1697
26166
20666
5393
7507
8685
9328
29345
13009
11820
5063
31138
27387
14693
1337
24889
8373
29178
28781
31227
31629
21843
16641
5542
2206
29999
22150
5903
23219
10039
17868
15964
30128
21209
16224
1395
2350
20819
16212
8371
15974
5134
27198
30689
7504
1326
15235
11109
19724
22119
26838
31158
13184
12818
7931
6419
14403
640
31697
22900
11961
17294
27023
8896
11136
4729
16206
9024
18699
28660
19144
16980
8077
26744
10079
11108
29721
5852
1633
1306
25351
13605
19594
10446
2457
12191
10442
28226
29407
28205
2121
24464
19415
18397
2985
26976
8921
21695
24971
23390
13874
4600
10836
19692
5648
3090
18737
14867
7582
918
18008
27840
1903
16349
9873
1581
8480
1059
23541
15517
25145
23261
13302
8524
27221
11084
26272
678
10883
19795
11039
16055
15851
3974
30080
6627
13749
25475
16828
28119
23590
9349
4082
17599
13068
11318
30196
13497
12637
10693
27141
3978
1051
28473
10977
14993
22138
10501
26878
17145
25925
13276
5394
562
24958
1222
30677
26273
26181
22388
30472
13462
1530
5840
11190
21375
12966
13273
11706
31580
1431
24238
14465
22131
10827
21992
3345
27461
28816
16429
13642
25280
18920
17411
3180
32438
13874
20961
12506
21646
25479
21644
17182
8250
1379
15265
5676
17257
9989
5229
13547
17661
32024
9477
24817
25791
31378
15763
28302
5969
11485
13295
8717
32357
9013
15727
29238
12589
25937
6911
21528
26898
15685
19316
29701
26281
22695
14365
32733
8931
1264
3995
26256
8324
2854
17139
12510
29142
28344
22754
22369
18078
5034
2929
14798
5711
4081
25544
7032
14974
11297
18503
18709
3478
22341
12499
19397
25037
4622
30062
19792
25686
5425
27403
4527
16600
14090
17056
10703
6432
21637
24188
17297
9491
16702
4571
15125
3814
743
32440
20792
24465
23531
1506
11099
3968
26960
32082
103
3980
22498
8380
5901
24107
29838
28772
31059
31971
7180
29235
332
23045
19905
2314
8998
663
26083
22102
6251
12434
17118
23013
20608
2382
23030
17400
19058
8250
32558
11673
15345
4560
25705
11054
10653
19144
5072
27983
21633
20364
26995
25557
8413
6125
20531
5939
23081
21268
17887
11274
30806
10171
27293
17655
19031
17565
8076
14000
10720
21802
30887
16975
7278
11904
1517
18925
1415
18583
14271
13171
20035
22459
25225
28077
9739
6720
9636
19360
16545
11889
14715
10782
13664
1225
26861
5015
25542
16998
14835
22066
303
10170
2435
16412
13283
20356
7860
30240
24403
23038
31010
6265
1440
22616
24212
10724
25181
3174
27612
27897
8854
20630
11519
11194
24081
15396
150
7533
13779
22417
19060
24231
15334
30033
14729
12202
2138
708
9478
27888
8074
25959
17602
30216
3489
14412
18653
30369
23388
32199
5283
17893
16401
6507
8371
20488
13552
9780
18528
15904
19849
32006
1623
20535
31118
32598
25730
7582
5082
31271
9005
12165
25267
13625
23400
10697
27980
637
8364
30221
19086
25035
26049
9484
19736
3287
10462
31277
12421
32610
11027
21849
11245
20397
14052
28425
3502
27443
14903
6819
17516
2967
14192
774
31062
30684
20954
5475
8107
26068
31049
3664
7549
4059
30973
23831
29110
21189
28106
20820
31576
26644
26486
18111
17929
4206
14691
17222
32718
16975
15981
15199
31767
12540
5142
28828
26620
16312
4321
7807
5062
13625
31227
27025
30129
17245
15392
17582
18928
14106
11197
16547
29682
25779
4178
31227
1252
9266
32539
6421
2935
29202
18671
6266
4323
2108
32616
17774
26412
821
21828
11973
11427
26517
24075
30200
10417
7099
28914
13944
26064
10687
13056
30530
11482
23976
3183
23220
17798
5087
3413
159
8239
19428
1412
20125
19672
21312
21422
4773
25454
7355
12237
13276
16716
6094
29889
26030
16389
7259
11579
4382
18781
16028
26587
26714
27800
8026
5781
22675
22776
3167
32089
19979
24961
1325
29683
32368
28159
30704
32560
11624
32074
19122
1346
8045
7369
1230
8549
11995
31029
11431
23235
14151
27807
11673
17045
19219
11701
23088
15756
26431
1089
24216
31855
6530
9970
14165
26629
19610
9823
52
1077
12000
2377
12162
3692
26399
32288
4475
23359
2982
17865
6149
14162
3996
15263
21151
20344
6804
7864
8852
25627
32353
105
32628
19423
16172
31756
24516
2434
25028
7168
6645
30983
29748
4082
20883
22547
1179
6235
17599
11671
31288
19274
3551
21679
1221
5732
11668
11978
5638
8745
28909
16652
6561
31353
2010
16624
24368
8278
24547
21554
27285
26859
5913
2028
7821
19917
6989
17151
30089
4738
18817
14260
15545
25408
8604
6307
1385
20726
25186
5332
16528
20113
8610
24357
14502
4984
13489
17643
23991
1880
32024
6108
6070
6951
28042
28461
4883
13155
23321
1015
15247
1947
28329
11487
22864
6961
19108
15606
1072
13150
14575
18910
24923
28278
29981
7471
24345
24686
26339
21784
25320
22683
24780
30794
7630
13500
14126
273
31469
25915
17245
9156
23640
1712
10014
21600
6693
13479
25695
20336
30660
31139
7461
10800
911
99
4037
11761
5281
27235
9047
703
23276
28582
6248
27970
13702
11187
12783
9186
17220
15326
27266
32558
24970
4808
2506
2431
3425
9513
11829
12760
23242
21453
7914
9745
30291
14045
31234
6197
25831
11872
4853
29480
30186
23553
5458
17037
7046
27155
16308
20966
7487
17362
19185
18173
22734
8940
20884
15236
1324
5696
19342
6648
11245
26085
29224
16843
19663
30830
8252
14017
24467
7532
677
24475
10251
24885
11508
6131
4213
19940
26212
6503
32263
15777
17169
32761
21451
8739
23908
28086
6061
25970
17362
4502
28115
18418
28358
5540
24108
24477
21211
14430
6220
7312
25423
5471
10615
30409
6325
24891
22779
10543
20457
7339
7875
7634
5449
746
26666
28533
12322
14174
7949
9290
617
30331
10020
1532
4268
19941
17810
15090
17991
8148
9914
1235
18907
30141
30293
18501
30204
26159
15809
16891
18986
4603
31900
3310
26627
31895
12178
24042
28854
17348
14707
6221
22203
31343
25225
8204
30658
10965
25128
3318
4841
17387
9862
9021
28465
30205
20173
13618
17971
17045
2927
21072
18191
17310
22714
26492
17830
28105
18348
13451
27145
21040
18696
15109
29744
9018
11945
2600
26608
190
22295
3120
13607
20331
14168
14550
12346
8039
14089
20759
28353
26166
4781
2102
23680
4062
14404
15876
7322
11080
21024
11871
2817
13802
29684
14841
29233
19107
7726
11355
18718
14310
2950
9001
3434
16667
31959
31399
3548
3906
30510
25468
14606
5338
10273
1462
17509
26881
25699
21775
16198
24028
29845
31342
26247
22073
9310
30385
19492
7795
18365
25258
10036
19606
10910
28775
24603
27588
7852
4535
11520
30424
7015
26601
21122
26184
9334
24791
23718
21840
27198
9508
25620
589
22707
15297
13188
11879
2158
1718
24947
8306
17921
32031
12826
20246
9095
18036
21920
30254
18559
6926
22159
7023
29658
3559
19589
17994
25682
9122
10028
28435
6910
23243
9579
26978
11299
2399
19678
19898
4686
13199
30084
9832
14239
16321
15800
25518
10600
11224
31331
23329
10743
10165
30575
22096
5295
14589
7295
29862
18526
19485
18909
25746
3018
22156
435
14308
8333
28240
12671
22395
30755
31428
12225
23069
16194
25240
16886
17062
13161
23321
16074
26981
30396
15539
8330
5315
22031
180
7128
1317
13633
19538
3746
30740
5579
11504
23381
26268
27544
27037
1101
753
13336
3550
7057
14681
912
4525
23229
14405
31924
17089
30527
17345
26231
21264
1734
22543
21538
12435
2040
24463
5027
2633
25444
32739
22056
9854
30903
16975
18157
28237
3122
7014
1106
21092
10331
5603
12081
27911
18419
9429
1134
1368
23593
24831
13520
22485
781
13694
28431
18466
583
16300
20526
24585
23049
26181
11786
16319
1090
27592
28724
25448
13333
32
27388
25054
10633
5508
28878
2222
28034
31900
3522
31076
2544
3045
8558
11273
4678
22102
19199
31465
4142
13636
23432
7066
10362
10627
17049
10553
3166
22478
10516
9207
2781
9320
11836
2516
22146
12804
31503
27819
21328
18403
8150
10607
251
25404
28666
9396
21849
30688
20505
12401
6931
9246
10841
32516
10400
23524
31996
18294
884
20264
14133
32513
17268
3974
22586
19407
19118
14635
1179
5381
9543
8945
1490
21504
9652
22987
26651
2782
4397
27492
10886
1089
28767
17411
13642
16463
22626
9138
2652
13054
16362
28319
25664
14222
13505
23746
14112
23895
1397
19648
18459
29124
13134
15888
20191
27552
16514
13916
21882
7056
11948
5674
19053
17889
16763
8379
30978
2436
22951
15155
23520
14423
31786
9979
32221
1191
22956
15204
23827
10226
27199
25229
1078
26353
29004
23942
20005
5845
32205
5045
1982
2002
15037
29049
25591
30938
9165
6670
30250
30891
29273
28849
9905
22539
22170
15620
21939
4434
20765
28339
8253
18730
16500
17496
31637
19603
30507
22940
6859
12330
28158
24735
21136
29866
26184
2715
28491
21683
4287
25540
12650
8138
3167
9842
25590
18082
20900
18817
16747
31897
24060
19960
6854
4742
13180
4074
29919
28338
210
7834
4089
17956
1403
24546
3480
31522
1590
726
10387
17652
26040
1444
13161
1259
13729
21183
20696
27810
21423
14652
6828
22916
26417
17532
10966
2446
21183
14091
15037
3414
28201
11464
19673
6989
7341
10310
5245
10305
4973
3955
4084
26918
25632
23415
2256
8725
8199
32735
28287
26261
10018
19707
16159
12058
30629
20868
29331
26571
4518
32642
7127
23688
17176
6253
13456
9772
28668
9363
18152
32015
10966
31161
27032
5328
12638
5381
16966
25937
8569
19484
530
1282
31335
6535
4204
30819
15934
2139
22568
6852
18327
793
27348
1103
10119
2515
28233
4425
8145
5008
2176
28309
3417
7922
15783
20346
22236
13846
29812
12454
13279
27068
5306
19570
24549
1960
29754
9319
3557
4168
1467
17409
12283
12182
32349
8372
26462
15680
25898
15149
12434
2054
16622
26074
8159
28772
22600
21676
16897
5746
14338
23068
29985
7944
29598
30060
19972
21541
21553
5679
23939
9362
26997
14603
27195
18114
12569
16830
29317
765
18523
13919
2729
26814
23513
16358
27470
29529
18852
5103
17461
25056
10647
11195
10023
17992
12263
27768
7980
4040
7674
9410
18430
5250
13693
873
31165
24165
25009
27509
23780
16210
2821
18791
31356
28797
18666
19906
7312
16663
26083
12490
4832
6186
27099
25484
12249
19908
7868
21022
4549
8023
17213
6952
3136
17248
24572
24739
17899
24647
29388
5601
24164
27270
25680
28366
12405
11790
31689
21621
1163
1766
17708
710
18282
3350
7544
13206
6432
14275
22854
31463
18487
15259
14753
14442
3375
10356
8985
16962
6700
2607
19219
11531
21227
4323
20323
21787
16634
1080
27677
3335
6185
1552
17319
5481
24380
26733
27923
16865
4322
6799
15532
28506
18667
29020
31439
12175
20917
20229
31997
19917
9703
28135
21805
4346
14946
21167
2919
24278
9333
10690
5518
9345
28752
5084
382
10302
15292
9718
1367
10358
26889
8302
27159
27648
32327
8546
1135
10143
1209
22108
12239
23756
31878
28981
32708
5558
14514
25651
7043
8840
14157
10613
30662
15338
18922
6545
25302
11978
8787
5499
5865
30044
6011
1961
18095
24927
14004
116
22568
15267
29986
29122
16824
31944
5488
19938
15741
840
5569
3511
18144
27320
14826
25113
5738
26698
1502
5240
4058
20631
15465
23234
22132
10907
13858
8839
31643
29697
9371
5980
31650
31393
5594
26749
31968
28488
19469
4534
1282
5559
15737
11139
6309
13806
20660
1654
31013
12970
10516
5593
29871
26924
5991
28053
31902
15932
740
22354
30212
31854
24162
17120
30854
26532
32200
5589
28526
10708
24517
7800
20731
32011
16321
11742
24571
14002
1043
7507
11164
6161
23668
17148
16768
2065
9395
6586
17935
6726
24491
8272
26385
1836
24179
13257
23676
31153
26580
26900
27530
22004
29696
10738
8207
23885
20608
6418
12298
21389
16495
377
15738
2439
27878
21800
27251
28879
14775
32505
29552
7361
21086
3019
17387
21701
820
28382
14635
7122
13030
25984
1886
20785
4134
15850
29927
20100
18336
1381
24569
9990
22064
25009
16997
27668
19282
6566
10160
6893
4058
4380
18793
6070
1253
15369
17849
22977
3855
19689
9276
11534
25062
8803
7439
11538
8095
14377
22059
23736
8456
7968
2801
32678
31166
16577
20997
6337
3232
29119
30048
12787
17539
6121
4257
20780
17704
26451
27044
16038
10347
31408
14166
110
7100
19203
19144
12064
29139
19063
20098
2033
31904
9866
4121
24563
17281
30065
2052
23701
27064
21176
5035
5481
22812
12074
5569
811
1294
22512
28884
24574
22959
30973
4130
23800
11089
7849
29359
20705
14891
31387
27796
17464
7760
28653
4762
32375
12258
10891
1031
30873
16258
17884
1720
22744
13068
18085
10608
23483
23169
27690
24688
20048
4421
7318
20552
32182
32651
28828
15084
16351
4109
8799
17162
31124
28160
25487
31131
17850
8007
24277
27065
8659
3815
26738
5808
17352
7099
8739
8279
31973
32617
5703
417
20005
8596
3651
7535
4528
11091
10278
3496
23970
28386
28553
26764
1038
30616
32186
28741
21571
22041
25881
24767
333
31949
27585
20410
20927
16529
22891
21278
31920
20908
23696
24974
22532
16644
19150
8511
15341
26002
16525
6411
16304
13843
25570
30657
13229
27392
20148
26048
31898
31937
25629
5316
13327
21022
5394
511
12871
13046
22599
7788
25893
21299
22861
20832
6261
2557
8957
2402
4981
2350
18714
20284
12179
10502
21810
3922
19577
7201
31429
3379
17735
8101
22186
13678
19231
31680
15789
16807
18663
26706
24189
25321
13386
10726
15046
26174
28672
31463
15258
1917
9040
5393
25877
26212
10963
28453
27969
20966
1658
737
14903
24006
26834
12079
2951
