18953
23888
21176
22393
570
24345
22659
1507
5087
16070
14830
9615
6477
28772
4508
16937
7378
3352
11250
28434
15003
32111
22554
25686
6613
7663
19022
26591
275
4594
29523
22248
2544
14516
28995
25524
14325
30890
32144
23423
30397
21781
31814
2229
17238
472
4240
1378
1259
27014
23166
4585
22688
22976
16901
17402
21694
18878
29512
8638
1808
28459
28693
32084
12941
5430
23219
9345
4150
27110
24027
14499
5954
13741
22020
17127
4217
12609
8164
22716
30942
28071
12339
25736
30608
656
22706
26265
27378
30441
24172
16990
20746
6062
17723
27607
3879
12543
29839
2378
23751
23925
6507
23864
21943
24502
27056
3215
30588
14919
11422
5409
3570
31138
11416
2133
21299
25737
30247
24092
18106
1689
2114
29735
32713
18722
22989
3416
32519
3638
22623
25974
17262
512
17480
11556
9828
5719
3539
532
17192
23699
6088
14200
28016
12704
821
697
31569
28753
26734
24684
26206
7670
8531
17794
2068
17712
2257
28862
30070
29444
21420
28781
15860
2607
26235
12369
4497
24761
19700
9182
4677
23501
13929
24745
21664
32200
7059
15645
21425
6800
29071
18287
23590
9767
3622
10453
12980
20864
8529
18675
31162
27025
26620
17814
6689
11433
31755
4773
13190
2564
26011
22101
22427
32669
20874
21915
5322
2627
4409
1255
5148
23535
18320
4367
20058
19541
26435
29833
7282
14265
26196
27870
10011
16388
19162
25691
31164
9239
29952
9226
15498
8543
19024
25057
23025
5033
9778
32568
4918
18232
13231
2945
18522
12565
5243
24371
30529
423
31027
25351
13844
17795
3811
22375
11491
2181
26059
12323
21135
12064
13667
22631
28903
31218
8604
29418
13329
26524
25961
27239
18732
26832
1662
26193
20531
6828
30295
30659
9508
31558
17533
4790
17506
19592
17925
10102
20056
6462
22105
28759
28256
4205
5435
18339
10467
10982
17926
6616
21697
20252
13367
18448
17395
26419
16685
3777
24431
7513
32557
17574
14923
12889
32169
1533
24614
8813
10946
8179
25284
3156
28171
20573
27384
3749
24720
11688
20679
3939
17943
19219
32458
8657
11173
27931
9428
32392
20292
25143
32213
16838
13572
21446
11518
25609
3392
9030
30246
8413
20514
10182
21869
16370
12905
24478
14879
29809
22378
27229
26843
18064
25685
24323
18676
15205
22714
21105
8471
12023
20556
8733
1838
5275
4580
22282
1925
4478
4041
13560
18219
9598
15662
18904
9628
22078
23804
4482
8604
4217
11730
426
1382
13206
5962
4624
7686
31613
15487
5368
516
15530
6092
29658
11074
9855
982
9306
26663
32735
21964
27002
26621
4600
27885
13583
26264
13664
23371
15730
15161
13668
3023
7031
20146
32157
2430
1187
15562
17860
19450
30105
9442
12230
11596
24790
28121
3099
27872
13726
302
14420
25553
21302
16740
19444
20072
15444
16299
1921
20191
7892
29884
14811
3434
940
261
4044
6520
15138
14342
479
28725
22845
31483
21622
19540
22137
9915
24087
8973
10430
6368
2055
29281
26771
4136
15642
17573
22160
27675
15049
3390
21777
4078
30853
17066
10802
27816
6475
22976
7671
30339
7033
1592
18634
2453
15072
25709
9771
431
14618
28770
16291
2438
29
28163
1017
25872
21265
9902
7849
15153
351
8178
25490
8855
20491
12183
8943
30179
3395
4318
31112
13065
568
24329
28970
27129
14124
6430
1364
32383
15820
4841
24627
16743
30145
30528
25552
9446
32642
16267
21385
4149
20844
17539
12734
5759
8980
19513
9676
5373
8924
14682
32319
31840
10692
16306
9027
18799
24963
16880
3420
28913
4311
15529
5207
17101
537
25247
10881
2160
14356
20034
22550
25199
25879
27767
2812
10605
22601
1177
3761
22080
21821
445
16515
13647
2502
24891
21503
26942
5645
27242
15275
206
23264
5034
2552
9214
589
14504
24178
7287
30320
1501
13114
15654
14985
15704
7862
27947
23121
14526
23943
23026
25487
19599
14523
5279
7654
28842
7236
7856
29937
21012
29097
10717
18578
12789
4860
3907
6022
13795
27148
16834
14397
3427
4059
16292
5097
4269
83
18303
6102
15536
13876
21596
20729
12374
17233
9496
26059
3849
14588
21259
25176
27766
29887
15336
2706
9617
9549
17124
9964
19161
7095
11547
32548
32733
15587
7471
30560
29695
10043
29234
893
22648
24738
3526
25764
30620
8364
17794
25886
20831
2830
920
1641
24857
28243
23221
21899
28806
23249
4393
22950
7185
9692
26440
20685
27730
11577
7440
12054
10453
28373
31500
5104
18461
18615
25207
10679
8424
30004
10405
9094
16565
5986
16799
19789
2948
27599
32270
25123
2269
29042
24666
7389
531
7905
19730
14047
21962
30661
6799
18738
9399
5771
17364
17367
15271
32349
17081
28507
24259
18769
21833
11436
23058
1760
12904
26411
31551
24217
29113
27906
22685
19222
10942
8632
2408
304
3905
16131
13134
22383
1267
6109
4397
16836
596
4569
22303
13691
13010
18616
6068
2411
9781
4151
3710
9840
3898
18476
29651
7195
21886
14033
15822
28071
32414
23904
29335
11055
12957
31456
28644
11039
24454
12606
19392
30697
16466
159
12940
17913
19211
3317
26179
1514
18994
25040
17154
26362
9567
10360
27847
23995
7463
1080
2680
780
32322
2300
12840
24392
4077
31
27287
30141
16782
28542
26103
9312
23447
5841
23030
11198
14252
22331
6392
29494
17416
14623
20644
23910
22045
1078
4515
16611
4218
7646
1188
22829
24562
8629
28836
17378
21499
26727
30316
24113
22100
28868
9563
5778
1515
24342
19813
1716
14589
1713
12892
27063
27263
12747
1134
17052
5821
7054
16880
18170
19265
20588
26202
25074
28150
26803
2706
25444
32653
20833
23149
12131
23840
5945
883
487
17685
26646
226
6850
9030
16000
26870
26070
26718
27517
8040
29572
28806
29353
4404
21864
15682
27785
23968
13123
1685
25373
4218
11320
26476
23732
20897
22588
10554
2308
11719
32200
29407
17530
23668
20432
24270
26063
10062
18425
15471
2524
22169
28935
194
20911
18170
13716
10822
18142
3200
1800
7193
23067
18148
28869
13408
12297
2832
27554
8681
12367
1503
1435
15631
2794
15396
12743
26590
10183
3053
21642
14712
13457
21257
24587
30903
17608
24263
5352
10772
14355
2305
15145
13512
23255
9817
26483
25393
29960
10691
8318
17014
15167
8516
30921
9582
22029
28665
28813
20158
29584
26970
13295
1602
5955
12736
2425
7599
7194
2085
1227
10358
7375
23851
20878
27371
13942
23392
10922
17574
22872
17601
20921
6697
7166
18813
6843
452
17548
15355
24587
14262
31825
17949
29330
7573
24987
967
23098
18672
27600
9883
31397
25906
21946
1799
28704
27849
547
18050
14546
32136
3746
26386
32313
19530
2228
31762
4824
31705
30990
22578
30761
23310
14642
23743
217
20025
18241
20005
25396
26562
3088
20914
20447
29713
18301
30876
24773
31916
5892
31814
29779
1695
19085
4031
18664
4129
31624
27275
27783
4468
6716
28839
21712
1293
25948
7111
13102
15093
32732
2530
22865
31599
6402
21744
16863
15579
23232
6131
4454
28890
4673
17716
9110
11443
18114
12751
30893
12534
12963
31345
5938
5215
21182
9569
13798
5628
32759
9661
16888
23186
18196
9223
5496
6462
29392
12256
29198
31576
31786
16146
5100
13212
21763
7636
28929
4236
16616
13386
30831
3600
12333
17740
26176
10848
20795
2664
32596
547
19498
20778
18846
30681
23699
32154
5265
27254
15775
5639
26068
16207
7268
15363
7741
17210
1138
13999
27389
9969
31400
29241
22296
6840
14925
6306
4377
19776
18524
10181
14595
20938
20766
10389
19082
12687
1022
27558
30595
11360
24986
28399
1690
27786
12310
20686
2627
12796
2485
29772
1011
14508
14762
15011
18319
24118
23339
30205
13093
19142
28360
31103
3802
8505
23035
27270
10531
31359
1280
14128
824
12356
2790
22047
8646
15055
12263
13177
21988
9770
4597
28467
4681
25219
18325
20624
8380
29650
24816
4836
19403
17596
32551
28574
20672
8375
30184
2437
11729
6512
11071
7490
8343
23402
10670
6943
26818
13799
6271
3598
8970
23051
3673
29677
20585
5439
29202
27400
23943
2772
24004
22752
15990
12520
14371
28203
29343
5262
30733
11291
1276
10537
18019
20195
23688
10009
29208
16760
28916
15770
27271
32404
14236
7144
13322
769
23737
5544
2760
13588
7384
26243
10190
25976
21131
22804
23650
19756
3166
21764
30611
11471
16140
6259
10773
28956
26611
8346
23628
177
13254
1455
10919
5908
32130
19977
31791
20727
14755
31877
26464
19899
8599
24104
22839
2612
13171
23302
12940
22700
23013
20066
20386
6698
20585
10774
11773
7412
6080
26934
9331
17490
3743
5616
24966
23957
676
26294
9201
18008
19853
13984
24961
18438
21164
23819
20518
19612
28822
10375
1354
20656
15132
240
8033
14003
4476
29914
11714
24435
25816
13874
19125
11235
17126
18979
7117
19487
30954
28727
11384
32683
25313
1215
22228
11003
15103
25204
11972
26169
32092
1886
9028
26946
13291
245
18937
30962
16043
25479
2316
14753
27681
20697
4921
2797
30213
21009
27171
20666
13884
2259
23275
19832
10246
31659
10496
29093
2425
427
23353
17554
12590
4437
24353
19049
27706
30395
30354
2927
30815
13540
9093
8327
28292
5746
1576
26872
12643
12674
24881
19823
13442
25300
14450
13384
12132
1068
15790
2825
4352
25079
32684
2351
18290
13362
3977
4142
12273
7816
4178
19635
17153
31674
25811
32044
20713
30788
28585
394
25192
16446
6559
6213
4516
17536
4663
27809
28515
23305
32390
23089
18557
16034
2629
2457
24466
12734
3878
19095
28408
18597
18020
20293
1783
7889
14494
11416
7225
31640
24549
17453
23164
10764
12308
31557
3978
2080
31071
25358
17003
4364
22831
13860
19161
26354
11566
20311
31988
8129
15517
32175
15671
22874
3054
22957
4267
22769
3727
32724
32090
14774
11012
21608
20231
28341
17720
13430
5148
7163
17173
14356
26340
2811
16210
27114
22266
15920
24204
6129
1794
26627
31385
8571
21142
18670
6169
26228
4227
14562
23117
15335
17718
24550
26925
2499
22897
25090
32180
30176
10563
603
2175
16445
32566
415
9878
13452
20426
15267
22666
21744
18722
18507
12224
8709
2814
9131
26124
9249
6889
8555
4993
6617
26804
12144
30344
28615
30498
11192
560
25995
31973
20870
9925
1040
4553
448
2212
18705
15408
27285
6477
11227
29374
21090
18106
24404
26197
2519
13552
30012
10308
18774
13779
18099
187
32155
29502
17915
2435
18338
32595
7552
24811
13253
16144
16405
2310
27686
25379
20097
18195
27212
25344
30266
5949
27665
11824
11632
2181
12219
2028
28749
5372
15209
16618
25468
18997
13233
17271
32744
22010
1415
9670
11206
19262
26464
13960
25813
13139
30104
14268
24548
16221
28177
15305
16790
11783
20254
22730
21602
14708
23967
9769
24541
8569
22125
14447
1340
9737
20216
3930
17684
1520
2350
10801
4709
21956
16031
13908
5847
17177
9951
3095
3139
6133
15660
28112
20341
4740
2385
15663
4145
25868
28618
6862
17011
29218
19753
9225
13563
6431
24761
17168
28937
9934
19040
17722
18278
15975
8138
11165
11939
20161
23747
27099
22181
26563
13029
1854
5474
1052
31860
22024
4325
6963
22150
13572
19096
3937
9831
3937
28610
19551
3643
3776
4943
10746
5349
13196
13520
26382
1320
18314
14530
20657
18444
24241
13843
27055
16004
23099
15586
9783
24141
8700
31367
4051
5657
2035
24275
26013
15597
2591
9880
3249
4296
26259
28524
25822
2181
13773
14507
21921
32002
32580
30139
10067
28034
31808
5524
31905
25424
31982
9087
61
14502
9140
25885
6867
18124
27330
6572
17727
16260
10218
16006
19197
13734
689
31978
4320
6408
4262
9471
13319
10656
3058
23062
5390
9709
22577
21552
9089
14482
18816
23232
32150
26949
25047
23730
14363
5351
30874
18859
25261
12532
106
4243
7211
24094
24385
26449
19306
3637
3262
16341
20522
16714
27325
3676
16457
7700
3115
17647
1335
27027
24089
10285
28074
8690
26382
24907
1939
16562
4258
29017
22096
26629
12104
27079
14627
32632
15468
3623
5603
981
30398
17204
7153
3656
23757
28436
13166
22208
13783
11994
27819
13720
7391
1359
993
26743
16897
26354
19747
7797
22019
18237
7312
3967
21548
2858
32461
8956
7769
1270
21939
27056
8013
23845
11588
28385
26441
3270
23780
9401
30428
19704
18630
28652
11261
8109
22436
5787
1367
21934
28851
5751
12260
13792
5590
9769
4797
10693
28177
26098
19761
4933
21569
910
23316
12207
15883
21855
21337
11259
3859
12487
29924
20050
11374
32726
30105
22736
25689
23077
18361
2440
32299
9473
18798
23496
1672
32460
4772
28319
11224
31137
21787
13469
16119
26935
698
20698
11310
18440
11815
17721
99
30642
22932
21998
20108
24733
10204
17982
2410
13534
9166
21126
9587
23131
4552
2943
5904
16432
32649
30400
264
9042
1600
6277
10044
1650
29416
19118
31126
24869
18648
1291
19260
19009
21142
31446
2569
8586
13549
12673
2621
31886
14399
29875
14963
23245
15388
19341
21460
25885
2322
21297
23179
15437
29895
8837
632
6921
3142
6964
19497
20221
14487
19446
28166
19774
4498
18450
24011
26085
21236
6177
3644
23293
10163
10260
13588
24223
16271
22136
11582
15451
25322
2297
18759
12762
30937
27173
10772
15042
13179
13427
28112
21466
22154
11908
19241
31087
19503
15528
27836
25846
31771
11172
8397
19954
6355
6323
12604
12824
22347
6858
30644
26801
17591
4384
550
1345
11934
15086
23414
19814
20784
31859
19572
17922
16345
30012
10509
7068
15382
19362
32195
27140
28296
20884
12634
10038
13895
26263
28372
13697
632
15114
27552
24809
27170
22703
24079
19401
30269
5223
14343
3773
21004
19773
31227
4030
21933
7334
12826
21647
7919
23559
31687
21593
11363
9080
4938
3218
11958
9672
20933
23842
1085
3521
9577
28617
4818
16557
23017
11963
29663
10777
17711
3726
9912
29912
11343
12118
15662
21835
29881
6415
13921
18656
30130
5947
31701
28377
32261
30667
13512
24143
25077
12611
25539
7542
9591
13338
624
7714
5790
27487
4011
25482
27735
12451
17371
13644
15702
14098
24451
946
25424
12771
18452
24884
7787
14835
26374
13630
3315
13996
32550
3123
19278
20012
27698
10417
20530
8355
163
14871
22805
21245
30154
23620
31461
11458
8734
17570
11002
19770
27093
16484
21577
15316
7601
26635
19674
22472
15389
11311
16252
27388
18552
8060
23991
25637
11441
8699
28162
31790
22804
20882
2614
19165
5731
25551
8771
3764
15913
19681
5921
11285
19787
22503
522
10154
1248
5230
31719
8196
3394
15668
30984
2690
20325
31794
3351
14197
30824
12250
11087
24961
23402
5534
14057
19527
9631
32177
30679
13888
6307
27665
18357
8684
16142
19141
2813
14893
20296
4451
19066
21997
12447
1494
255
24327
22166
31326
29016
8293
26240
11480
6273
16230
23374
11072
4118
25730
7078
24948
29963
22320
13877
13371
9885
4359
14405
19845
29064
3108
21138
32245
31611
20685
16473
22428
713
1619
9395
26120
18017
2877
21025
10109
10752
22690
12392
11138
27301
13527
13471
31391
30534
31051
8070
11110
16833
28590
30233
18608
7189
2649
26725
27945
30162
31722
6811
14351
3534
29230
1123
32566
27674
30789
23154
25168
14388
17408
13919
9067
16254
29326
28850
26811
16367
30808
24895
19354
19209
18473
31154
22733
21771
30098
28266
26121
17511
22157
24971
24757
5494
26720
17486
31218
26219
31684
25244
21465
32646
27719
19676
5123
11146
26351
5129
32591
29808
1056
3079
735
6237
14527
2103
20068
19154
25240
17993
25500
5666
29693
31569
16153
28970
688
14109
32323
23868
15876
4550
9888
8284
4158
22406
29267
28591
28481
9929
17891
7728
8299
13447
13118
9125
29626
10960
11774
4050
14899
21929
21738
15852
31620
4630
29888
23632
12008
13176
10290
7285
31563
21273
14638
7967
17071
15878
10082
28886
31950
29981
30720
10903
9472
29542
12990
2761
16224
11943
12322
6770
14634
1586
7420
12971
10344
5122
22324
30290
11982
5126
1989
5118
994
21949
7690
25656
27232
27651
4153
14312
5340
3883
1325
27405
15785
25933
19304
4017
30202
9441
16728
17693
28743
17805
4825
3913
18930
13116
28668
17046
6187
14192
8454
22463
15377
3289
7100
15373
16921
20774
32222
29131
20660
18715
4338
5370
27180
10980
15170
6214
1487
25257
552
20024
17488
1378
393
4780
17258
26093
31904
10374
21702
93
27645
8097
7199
12182
11469
22280
22692
24855
13659
28521
23966
15126
29399
16838
32338
26834
13399
11886
28969
293
18203
22572
28174
15192
10261
8126
3096
26172
28328
29576
8809
21878
21681
18314
12374
14619
32708
18832
4296
4989
28600
9640
31969
16708
13925
28377
8675
18368
23724
18
20046
23933
6328
26977
31305
24856
14724
15717
12099
12882
27549
21254
4826
8547
15146
20323
6396
26769
30505
3084
8524
25600
23035
11634
967
31692
6947
32156
20647
29781
20043
24347
18311
6362
13191
27711
18889
29770
23774
5771
19509
3158
19719
23143
3042
21195
29552
23317
2650
16671
10629
31462
5369
21065
5422
17326
23446
20182
5273
13173
23142
7994
5947
16751
6940
6244
2065
12079
4437
30357
11564
31255
5684
31345
8300
275
18249
23639
17804
12935
19640
2542
24926
22149
19095
25088
13912
18756
407
25228
19024
14797
25319
32022
14724
16632
6997
1346
15069
25751
22967
28065
14709
23281
21641
18123
10070
8818
21207
13486
28037
16800
15454
20005
7487
17233
29934
6861
18050
17179
1810
8980
6095
7693
25075
18066
11055
7068
11898
19613
9332
8928
32693
25367
1217
20481
25212
32651
22348
32236
4180
22136
7011
6218
18835
23789
4013
18866
6853
2134
17075
23069
4431
16534
3230
20891
9042
14422
22082
13125
20178
8092
20828
25715
13336
25759
1560
5167
12116
30426
22999
14057
13703
16479
29486
27244
30880
18798
7986
22032
5861
14918
7155
23345
22933
12091
27718
10721
18124
4873
6344
3546
2726
29544
543
1974
31655
992
10371
1635
15963
17119
3198
21713
19513
29961
3311
4077
25037
27343
26197
14547
6167
17475
14154
14143
11566
10026
11854
24645
16424
6995
17606
21827
1086
296
11076
20243
12076
22147
19209
10629
9943
15811
201
17164
12850
31518
29870
1207
12642
23609
13215
9827
8481
15861
28097
816
28000
9356
32318
4657
22320
6622
8262
22376
29154
17925
30036
24817
31597
30255
16563
9341
5137
1453
31808
20738
6458
23879
10865
26801
10151
31955
2454
14121
2251
17158
3167
30698
3956
26505
15263
16652
10154
23375
25935
1585
7642
807
15574
18360
24884
141
20616
16947
17745
31942
30828
12827
1817
10796
8770
32707
6372
28614
7876
26507
31199
29467
21549
29270
7346
29768
31224
21054
8543
12369
16874
30598
26221
15797
4690
29135
13639
5957
13712
29071
3551
18741
8916
32192
21910
29812
17448
12757
28000
7225
23985
6130
29475
29151
31281
29532
12897
4850
209
3887
2071
28042
22558
25935
15845
16087
14929
12704
8302
24574
7891
17786
21762
21795
23808
12119
12923
21191
27692
2767
8548
11605
25827
3271
18273
26359
10101
8165
458
20398
19378
9543
29594
27554
15859
11636
10888
5047
11610
15762
8051
1120
12122
29914
5635
20152
15481
9802
8078
24527
27220
15001
17720
4673
1764
28272
7519
32270
30977
16599
20534
31397
2596
9710
20399
1858
32113
20957
18079
3450
6133
12301
797
12821
32300
23193
24618
10267
2758
9727
29336
14897
682
5404
32036
32294
19004
18775
28646
26314
32731
17180
30443
10239
8110
1676
23584
8466
5281
30834
16497
16715
23210
1913
28723
6850
5713
30109
22207
6005
17775
21984
21856
1176
27958
4670
368
26668
26993
3554
3517
21715
16653
14234
25394
12259
9177
8329
11443
7609
30090
27420
23112
2128
2562
9791
24446
29714
30418
26832
12554
5869
7677
16723
17840
26026
22015
19944
7779
2938
21261
4219
6574
32722
13727
21307
5714
11897
25132
12621
10545
26080
1588
6081
27242
32689
28292
21189
7622
30634
4790
31512
14931
25772
31223
22466
5454
2063
23821
2051
13382
26425
10648
2441
2687
9071
19095
28389
9621
1002
23087
23104
3425
26158
8360
4170
23328
2199
1209
14196
19410
25397
20741
5983
20961
730
29413
27796
27139
6768
5736
9333
14177
16016
17304
5492
11001
32593
24831
1922
14913
21598
16234
8394
26893
3916
4845
2720
10930
18474
32039
25268
24172
30809
3271
19596
27389
14238
22095
14129
15767
20341
2585
11048
12284
6312
11159
13475
6628
22305
19934
15865
4511
2044
31078
28244
8187
21985
7947
24745
27496
10129
15448
18158
7770
31934
5381
19847
3311
3360
9662
21249
24018
24005
13351
18434
14943
16553
8220
19328
18952
29318
23101
22322
31991
19181
9130
4164
27124
12950
31499
4175
17290
21493
23252
14984
10341
14861
11463
28984
21247
20873
5818
16236
27772
9
1178
19181
1746
17850
5040
8818
556
7465
17187
15381
24977
3417
3518
14340
21184
8723
20724
15225
27999
15997
9505
30700
27989
32238
2835
12935
27765
5889
4809
24538
24412
29928
24442
10192
22940
31491
11482
26081
23834
9905
14744
31114
14516
871
15147
31482
14887
9471
16078
10255
14128
7250
7113
7552
12786
6664
23283
12380
7320
13231
14197
31667
59
32523
7376
30354
2822
30637
17954
9781
18840
25287
25253
16505
4009
9535
25464
21136
21489
16386
22178
16376
837
26267
29524
11694
3844
25604
15214
11679
15025
16828
22085
15967
27873
25881
2211
29469
1880
5856
28176
22487
2671
10515
22352
26058
1977
12042
29229
7213
10213
31685
7799
4382
18406
23169
5192
3805
29010
13705
16268
4408
12808
8015
29889
14150
5910
29115
25340
32088
20186
30659
26413
21293
13927
21820
9379
25189
22057
8432
1747
6456
4557
25840
4181
19816
3931
31020
6959
2932
6565
27712
28246
26127
485
28305
19570
22992
17570
29593
24546
6443
30163
32127
10240
21664
14407
18155
19366
21298
17476
16152
29937
28443
16751
3115
6724
19134
30699
1987
22672
20957
7365
27089
17107
23308
15760
5546
19167
32102
3916
15706
10077
28286
9357
20283
23313
31897
20185
25031
16736
31002
12113
4523
17423
10045
14995
1564
7757
776
13280
3950
20724
29823
25466
5091
11276
17176
3152
16065
4497
23918
25821
9639
21877
18745
5966
22560
24297
20350
3299
3449
28377
14595
2199
25808
12213
12038
21763
27502
29303
5166
2432
23895
15586
27074
10892
21534
3335
5401
10607
22526
30222
6482
1822
1831
31283
6469
7775
18262
17935
13752
22830
13736
12569
7127
21855
18608
10092
22494
15494
22727
24779
16409
21268
675
2274
3086
706
6188
15566
27641
25651
5002
480
13432
3028
16515
6558
29320
7688
4100
22283
31664
28290
18941
22825
20092
12017
4466
20155
22317
28899
28368
10063
27823
32483
21629
21884
6603
20709
20914
1641
1694
8165
26509
29326
5706
23754
13410
11199
3307
3728
26963
3174
20941
23462
15904
11280
8668
17045
22336
32043
18011
17891
21040
30733
9177
3895
27659
30521
13665
19901
30299
10462
18418
21452
3630
14753
2606
14279
18797
7324
17494
31809
20074
5287
19574
868
2488
25302
2781
20883
30271
15939
8912
25422
11151
30989
4992
6742
9845
30368
25913
1554
32716
22327
14043
2866
1430
31904
16270
11922
27212
19519
6322
1889
32370
21078
25621
7298
10349
10884
8809
12594
3737
20875
19957
17644
10135
17494
3466
19081
9444
4154
5049
23212
27568
14460
32323
25949
4077
5395
18897
9972
1446
3760
11749
25657
31890
23548
29969
12745
6633
9248
9575
19132
1142
10891
3376
14980
30446
26607
2017
24088
19584
13453
3914
83
15277
26547
27921
5526
13146
4227
8287
23221
3619
11253
19417
23313
4083
31776
16338
8705
25041
25781
29886
7031
32765
28876
2538
26592
20028
26083
7275
10059
18032
2083
2645
32718
30059
29670
30253
25381
14853
12407
7840
22429
31340
24600
24180
18481
17340
12618
26816
8178
2000
30024
5464
13484
27991
32725
20876
17606
26154
13367
2322
3178
32733
25476
6976
13798
8851
24604
12414
10578
12823
27255
1020
32627
17705
23329
30112
7136
26390
11778
30787
12899
6028
21219
12316
15266
31915
26414
21884
7423
31583
15605
12220
1980
10734
21302
15476
21347
20685
9054
22254
22373
28088
26635
29659
2049
27905
16662
17732
23143
3369
22737
23235
13342
8365
28301
4594
27043
8738
27232
27428
4179
20100
24101
5715
10122
14796
6083
19546
23821
4544
10419
18532
28837
783
1724
30117
31501
29853
10753
9544
7182
3356
19518
24744
21481
14044
11599
11202
3061
5604
242
19435
4745
9281
27085
26302
3612
26782
9651
3417
11179
31509
20259
1993
3164
19525
22545
29890
13920
25253
8681
4499
3357
535
22226
15962
5261
29121
26672
4724
993
21528
22124
5432
27499
17725
9719
28389
29114
13197
9612
9688
27655
9844
27062
15363
21968
26497
8595
16538
27586
16832
10455
10767
28124
19268
31507
3137
19666
27907
27704
32497
18095
7399
19031
18549
14015
32289
19626
8368
7340
23489
29656
8257
7911
12675
16245
12283
3145
14060
23752
3221
8443
8342
13010
12963
4755
3017
28555
18117
10111
18506
31343
19999
23975
29816
28729
19209
25678
8084
3055
4615
27961
26209
8478
27387
6420
15853
2919
21145
785
24750
14138
28700
12242
4560
10210
4919
25481
10958
7874
20047
9054
10048
18398
231
26129
8948
3997
26204
14304
32319
1485
31954
21931
7317
29159
22638
854
29016
31892
14022
8559
20206
4721
26261
17936
11286
25615
22452
23815
21372
10047
26437
4917
12683
32140
15409
4404
13442
9224
18390
18749
29386
20556
16121
23624
2951
24250
7938
23156
30061
13829
4968
25258
12244
1012
20330
25981
2575
14178
12288
3925
29946
23434
14865
7629
4819
14465
18662
9305
31051
23812
223
1068
23004
30068
23140
7001
1116
5151
22815
28472
30675
20161
17256
22027
30090
21835
28161
25569
19044
26082
28676
7867
17009
16939
21273
15854
31425
2502
5100
30920
1398
7704
1759
10358
5149
29518
29948
16677
7231
29342
1325
26216
10802
20944
17839
7898
22069
1022
27076
27396
4029
10136
4008
17281
13065
5546
8903
16991
7420
30306
11821
31689
12588
32461
13118
18915
1591
15329
22695
4086
11350
3776
1428
14541
16948
15931
15652
29791
19456
16789
19993
30894
192
10378
10965
18926
489
17552
32130
19946
12589
30557
19600
11940
6293
19113
17252
20539
6351
13621
29518
24082
20937
12556
8380
13103
31103
1801
28846
8673
5393
29593
2666
24230
18456
2242
369
4683
11834
29029
7089
22357
29436
31168
18428
9888
7128
310
22713
30534
14480
14675
22234
5570
28097
22027
270
30294
3515
4930
19255
1706
13200
13202
29214
17077
5227
23624
30565
4320
31523
29359
6590
10601
8720
24210
7515
3334
24350
22012
30886
20172
22047
5698
14641
13646
9574
11843
13552
30473
16529
15855
23462
5632
28070
20230
15517
7843
6242
11042
5274
19957
28621
21240
30736
25326
530
31451
28052
7966
19086
12418
3217
14996
26151
3594
29757
20222
25055
7742
11979
32274
22440
22039
21731
22316
19835
18303
1359
16440
2724
29018
1271
26066
22368
20679
6927
30380
23209
6051
32143
11824
2641
11344
25059
29287
24910
22196
1508
2330
20565
16004
17672
10295
7338
7874
3541
25973
8502
21124
19356
18747
9690
7928
6243
2239
16643
24229
19235
11115
30590
29171
13876
8068
3726
6382
10757
525
17468
6727
4112
7657
25071
23451
12813
26177
23868
20216
358
28709
31487
22942
29420
12150
10411
6146
17096
31491
32734
8985
13492
7154
10297
15058
9323
27746
2926
31205
31325
18766
3994
30411
22696
23476
19414
30221
5188
31991
27400
4546
20093
14979
12544
31315
17063
15535
21952
13442
7181
5351
11034
30891
26666
14090
16513
5961
31004
8721
31001
1723
19541
31730
18448
32329
18836
9411
1841
16994
28179
1315
7094
1575
14338
7126
23902
1582
26165
3759
29632
16511
24602
17075
7647
28131
23021
16251
6142
8287
2351
25050
5046
11003
32084
8640
30277
14023
28860
28510
20777
10528
9700
27531
18670
16176
9438
32615
24132
692
27902
5950
19796
31746
28375
1199
30548
17738
25189
19469
2649
25372
19852
24837
23405
1578
20161
5761
9954
6736
8
17869
10982
18129
1566
28920
20567
17380
8183
25726
21976
10607
19051
7203
12580
6930
19500
28450
6818
30055
15867
18311
30522
24712
25371
26842
5224
27602
26118
2557
27278
5865
19808
18007
22927
27644
15657
10803
5017
3915
22582
24162
10818
26598
21986
14120
29143
17847
8193
10838
12016
10434
3349
28851
16968
3500
2757
22176
18124
25466
19594
32764
22002
3740
21164
9030
26188
7466
23917
1
30813
4205
8323
5213
1451
24481
19148
22035
26133
6137
13886
29329
8039
15844
21533
23127
21292
21391
10608
7073
16068
10411
28597
20550
438
22384
11732
8928
7751
4834
23890
12077
26699
10835
28615
16821
22075
26153
18578
15021
26760
8673
32459
6172
6959
18260
31609
27452
5518
3897
18437
15651
3189
10988
8431
9890
2689
15214
8384
8046
4773
14764
5952
18557
20746
13316
24808
13747
19993
1285
21146
31422
22486
26486
3472
32575
5487
2970
20371
24106
30996
4531
4973
21615
1034
3525
5536
730
4347
30876
4440
1847
6289
12816
18847
12475
9283
30856
13008
21407
25454
31165
20558
14
5799
24769
6773
8257
17744
1343
209
16873
29033
8196
23694
3789
15785
10430
26416
14516
14797
16644
2437
23685
18737
20631
5847
8365
22429
14056
18533
4801
20577
13786
3349
2148
2980
31176
355
1900
9721
25290
9117
31040
30259
29492
6226
11652
5499
1888
4872
28665
11679
15022
14125
13726
429
7624
1360
9500
25793
8747
10385
32352
4891
24291
14422
9610
8564
4757
16960
21766
30354
1731
12382
15096
795
14412
24480
1502
11175
26930
31374
9329
6424
32672
27705
15563
25390
22060
32626
7887
18774
24921
32315
13766
28099
20064
25979
15686
18112
32560
246
15704
14917
1971
891
4569
6088
4179
28511
289
25685
16829
25387
9699
11489
7652
7826
12372
21212
27209
21414
17040
1797
3963
6219
27705
26242
4569
3051
2401
28208
1951
1387
2218
14392
12321
23902
23723
14307
4177
10361
7318
26543
14471
30279
6168
7586
6018
26654
25217
31198
32426
13394
6437
9078
15255
27048
26882
18304
27351
1806
6051
3691
26604
15241
4932
31635
32405
25198
20022
27411
16719
4053
27013
8666
10522
16715
29401
9218
25216
1735
14746
17757
27604
14304
32599
10320
26808
2364
1897
7908
20193
5708
18899
8730
20511
13110
19821
21375
9623
6931
27970
15617
8275
20059
3382
17153
8958
13725
492
31913
26856
23668
12262
26240
15953
22710
9710
9019
3555
12782
14005
16087
26496
23821
21947
10212
25662
8284
15214
21284
2992
29621
5270
15700
7784
12531
16624
16202
27065
10407
25881
26688
2242
28429
21422
21104
13991
30014
4530
9697
5666
17062
31280
15744
4667
25273
17697
8818
15443
23266
30095
20905
19303
15548
29435
32693
8339
10373
20989
20189
29909
21456
4138
11119
5140
26745
18234
16980
18785
20446
7019
17895
24700
15948
26912
29960
24730
4792
30158
6251
25701
24240
10264
27190
13125
10897
2873
7116
32734
18937
8611
28131
28634
21631
19173
3805
20712
5794
16594
13141
7940
3840
28640
7416
16378
19401
11982
918
6181
15474
6538
5240
23677
19374
4945
31733
17873
21914
13336
11584
2384
20023
9515
23684
14926
11294
12564
24371
31045
27503
2750
26267
5146
15627
4058
18618
31650
13827
2690
19283
12901
4944
13852
9537
6306
26052
2946
10764
14739
14912
6240
21434
32241
4648
26077
7911
26555
16404
12925
27928
15156
31944
837
24909
14635
18535
20513
27349
20094
27619
20356
29286
23777
11960
9550
23917
220
5338
30962
23459
30995
14571
14040
13025
4810
5810
256
32053
16296
22985
4841
3381
14523
1173
7345
27795
21181
891
22909
10482
26518
81
25883
25336
31009
2579
5350
21413
28979
25816
22506
15331
8922
5636
25161
29278
28898
190
10206
917
15774
9893
27167
6194
2021
24766
23880
5526
22874
9393
10422
11449
27120
10806
18064
19249
7342
1226
1709
8848
14768
1446
14514
14835
2415
31217
16763
15832
13634
6453
8125
560
4388
14352
9193
27318
12983
4908
24403
11646
31113
18032
3731
9169
27798
17528
811
7480
4367
25155
20587
26839
7770
19244
16274
2300
13146
28956
20278
17656
28912
19709
16870
3374
7618
882
13
25961
14139
16837
20761
18803
5075
26401
12253
16355
31376
19969
15924
3894
21452
18920
7144
18721
22330
11603
9426
8230
23332
27627
23106
15206
10486
11520
31649
31926
31488
25139
4692
27892
1912
13938
29924
17052
15550
26922
1372
13974
4836
27063
12019
6994
5742
18208
26347
27159
4182
18433
13497
15000
28500
16072
1382
22729
22108
28196
20021
27888
29799
4539
17030
27135
2422
24348
8442
13857
15572
4852
23512
16787
10396
24196
8368
32693
15996
18770
830
30305
27064
23327
20368
22395
4722
8730
18283
22729
26152
26963
20204
15877
2430
13170
19563
18737
5950
19881
16292
1323
4253
3815
21529
7809
8896
5967
29362
16006
25982
9192
5799
7334
30568
19094
27039
14838
6918
12873
27418
31503
14692
7028
9996
5149
28109
19649
16330
31539
32471
14339
20266
21730
26784
27499
25318
3849
23638
8960
6210
7662
22781
3657
6895
3982
16748
7756
2862
26930
5017
28605
3897
835
9495
9583
5086
22367
2269
18190
109
29868
585
30736
25044
3693
10597
6889
20745
22739
9320
13438
6312
10261
6784
9181
24030
1475
17358
555
20613
12375
15026
16093
9872
14605
29258
19500
26282
13300
30261
28610
17946
11845
22429
3002
7658
24308
27508
29639
15176
17798
15869
8883
3884
11042
24463
25612
315
14826
28310
17946
27116
7820
730
26643
30697
26643
24068
30866
1208
6660
1374
30790
7322
9382
10458
5351
15795
14241
31574
12399
4716
8906
24606
26758
11030
14654
4530
12862
31440
27310
9674
24064
7082
1785
4760
6087
7690
24576
6477
14219
26447
15798
14814
30209
25525
22646
5128
22913
3960
19866
22930
28487
6973
16969
13778
9439
12205
10384
20082
21979
5219
23220
16756
25031
15880
199
17524
24159
1980
29818
18733
14847
7096
5938
19263
25178
20274
20062
11056
17263
30081
6663
15024
12985
28290
31144
24097
6822
29754
4929
26454
31307
27581
20647
3483
3414
15694
26398
9974
12356
30663
32041
1709
21716
17212
25249
9480
6843
26331
3845
29784
24729
26134
23057
1848
24876
30981
8850
27667
12483
25605
22392
25063
12022
29350
5933
19016
16533
6596
22821
31911
26078
1267
21943
24276
243
4897
8235
26306
24715
1654
10004
27019
25319
27519
3808
23475
17672
31628
6829
26289
29215
32342
5982
30635
26437
28389
31982
11138
32620
26545
14853
15374
15253
6664
24009
21163
23364
21679
5111
25588
22833
24012
10034
30926
8257
9219
32155
2217
3252
2784
17313
18690
3488
22133
14619
5676
31390
31300
21652
22865
29123
20319
12517
4020
20946
30157
30986
22328
9391
25904
17966
9254
3607
28837
9224
1067
4751
16876
12138
4768
19098
4041
791
526
22063
5033
26326
24306
9322
649
29892
28605
25474
3348
10478
22047
11515
11019
3871
21893
16925
13802
759
25313
27812
5833
13885
25001
22457
2944
29046
12834
29985
18190
17079
29918
17077
28988
3767
10115
1042
18813
14376
32463
17553
28953
20808
8665
13690
8330
2995
10906
15476
19494
23163
4011
17984
31743
31354
23376
12711
23304
21735
21430
26289
16761
28712
30841
28184
15988
25319
31081
7420
25832
32104
2702
10456
24502
7450
14698
14261
4370
24172
10109
16542
16684
8417
19983
20563
8208
4455
12073
1602
7883
12005
6117
23986
25552
32019
22503
5954
24218
22926
4652
22162
16018
10028
2819
18496
20786
17292
5976
25622
2923
31474
4408
8065
16964
28242
30098
9285
22213
8107
3899
24432
22803
6295
21301
31884
26332
24351
21041
8473
18677
11475
25426
31803
5186
7195
27700
32431
20951
16328
27181
20227
29276
22766
8403
19975
4278
7926
4542
16255
18404
19951
8591
27418
8230
28453
3632
18856
22373
4085
6750
4743
2255
23263
4709
15710
30658
18141
3627
19470
491
20723
5232
28902
31919
29704
852
25879
457
21236
25114
871
28469
18650
43
31529
7757
21432
1374
12140
5683
3388
22390
5747
15726
9690
30957
11621
20184
5659
17648
21574
5559
31288
11434
9766
13610
19431
22981
8600
32455
28277
23086
13670
7298
16661
14617
1411
4560
11128
10566
31809
22541
22685
9346
31684
6683
5099
9328
17335
21325
31869
22665
24381
21891
701
32098
12075
31382
25652
14637
25716
1270
6560
8579
32485
29585
27463
20065
9234
19703
8076
7792
25232
9660
30656
4233
13668
26142
28474
22136
23484
4840
28842
1280
22749
7575
30122
1312
12381
32698
17558
10901
12946
9631
16542
5024
27978
27691
25
13833
5308
13834
7452
15716
30911
23561
29772
7827
23098
31935
17904
1164
13532
28531
27979
31325
20749
24122
8744
30317
12836
19296
30902
11012
13530
1545
5014
16397
29182
21016
15411
23067
14699
18256
21842
4779
14648
11193
23530
17833
9518
19782
27189
22581
29311
7860
28935
23718
31668
7093
7007
14287
8424
14414
4155
11138
14388
24446
1713
27219
25194
17696
24636
6302
6150
3858
15700
24268
609
6551
16449
28881
29992
23290
29232
12025
7181
10869
32391
17381
12476
28240
14454
25552
19729
30029
7886
4376
11656
32580
21015
2553
30709
14603
12509
17307
23157
12184
3658
5711
5796
32362
14074
32533
19728
15653
14346
6755
7406
28796
7282
15393
27660
595
5269
18680
27399
1317
15383
13516
10686
18084
29167
19079
20486
30112
30397
8473
20128
24362
17757
25021
7272
1785
22972
17277
21454
7949
23018
24568
17546
8849
21873
17763
19852
6150
3814
27086
4914
16030
957
25512
26046
10982
9825
2950
27655
5800
32389
27424
26223
26640
9140
7580
7700
13325
17968
1296
21579
16378
14841
31042
17994
18046
14380
21426
6436
945
19086
31962
16891
19584
5481
24244
15984
13650
29591
24701
12639
3052
6364
20409
14282
10385
11897
23159
2578
23150
7677
32470
15725
29494
32351
5064
14740
13834
22346
20246
14012
11675
11960
27812
22472
11666
5314
23287
13501
816
8630
4340
26998
6449
6763
28906
31897
4855
11985
23763
13001
8932
1740
24535
8733
8200
4419
4370
6609
7932
18804
5015
12860
4621
26250
22453
6402
13469
10609
377
28043
17863
15593
6259
16820
22082
23513
25789
4804
11656
12774
7482
20129
2615
10821
19228
14660
16823
8397
1705
18026
797
10577
28990
15244
16719
24876
4244
11794
2153
32541
28482
12740
16992
5462
9859
19329
12006
14799
13626
31795
4749
2272
18483
30722
24878
13839
22444
24008
26508
7975
15892
709
14389
5514
11282
9877
24489
20935
7625
9054
9150
17775
13659
28238
21059
16165
7851
31813
25316
5365
24680
24270
28749
18663
15943
11604
19603
23507
4239
3731
13519
17014
13531
30284
26636
12486
31771
27453
9571
12163
14813
26960
21860
12303
22731
13331
25272
4735
6260
11624
1541
20978
22607
1150
2322
19233
5116
20735
17708
20792
29902
28299
24776
1253
7303
11366
4201
8622
3426
9581
24260
13703
21335
21583
16418
30372
21146
14329
29959
11148
24421
7250
17
22895
759
23337
13090
11449
4573
10603
6082
20455
30576
17562
14014
9369
23199
5242
789
4841
32750
5390
27669
25340
3263
7362
23234
21718
4048
21226
7799
27251
29446
27243
3280
6163
14953
29880
22726
20181
13423
24833
25884
5511
32637
31655
5627
9149
2219
498
26073
13088
26568
7686
16799
31497
15518
24339
28682
2639
29046
461
2129
29533
1759
7452
15369
32391
19628
1812
30790
22174
11324
1575
8708
25537
26622
8857
29125
18551
29747
11317
12923
13563
19702
18495
26535
1239
28026
7081
7875
23220
19604
25993
28638
11889
633
7627
29062
370
31688
27683
9194
11579
24011
2886
5952
61
32762
27738
20837
7407
7872
11947
14019
20257
11138
16287
31352
19342
24030
14060
22965
3504
27184
17160
9827
18392
347
14818
25869
6525
32198
8655
506
32724
24996
18119
24985
13474
2681
12241
20515
28495
15833
2236
5243
15419
29555
21520
10841
24149
79
31044
26535
28393
1876
817
4395
12217
21261
8903
8807
17232
31917
18943
19645
16275
1104
29456
29143
20121
16003
26598
7494
20924
15111
7632
16745
15088
2258
31097
15249
4180
31575
3865
25442
19975
21767
13036
10621
6717
31512
28132
2396
32658
5765
10907
21116
8606
18006
11915
3266
8137
18209
13185
31768
6752
13265
13647
1879
3561
17318
18369
1641
30900
10621
2259
15279
32435
30802
801
31904
32651
12547
5279
19891
21227
23894
11658
30079
7965
23614
31647
19233
32219
17242
21898
17375
25443
31167
31393
1035
31694
28663
31442
30505
29341
6473
23258
13140
22677
2619
18616
11229
7117
24662
29794
30518
17925
22313
24758
11278
30009
11921
16563
6590
17014
17975
13545
24548
2797
4697
32046
10573
20294
19918
29331
3609
7478
3396
23959
24857
14164
6093
31898
27772
28456
10394
20116
25003
25989
32261
30214
113
9497
22997
18481
14687
19267
22206
23687
20335
13092
14120
12383
15591
22265
4402
13036
24448
23464
31733
19824
12232
31384
8717
15277
1989
15814
23894
18588
15579
16918
16371
17250
4335
29671
11925
16512
16077
31209
28665
31562
9671
16947
21939
27546
22687
26000
25131
25541
5032
21786
4069
19150
24103
1547
7685
18138
23295
4047
1554
27620
3214
28766
32506
17074
4050
27336
12630
15368
4816
13329
240
25627
2614
25152
3970
27208
27199
20915
23745
20742
26327
29877
10138
23066
32512
16723
29884
778
22388
12651
24150
9683
10379
2309
4386
4574
17248
22246
6818
12593
29231
25443
27818
3555
14338
372
14878
19410
13197
30217
4349
27288
10582
27041
21918
25530
31001
6168
826
31011
618
12992
21931
18385
15516
10420
16499
29391
1506
18793
22272
31331
28084
30086
2607
5000
32372
20982
24334
5022
19026
12603
742
17505
16237
9989
24697
13336
1850
31235
6792
22030
29994
26617
3992
1862
18567
28691
19190
19307
17823
6009
1785
22022
27173
23587
9351
13300
16596
18927
15322
10518
6229
26096
10884
5706
8547
25609
17073
31642
14381
23227
32685
27316
23804
26940
25510
32154
8213
969
25266
9627
1249
23100
32532
26242
8267
3297
31419
21005
30314
9094
16907
22433
23392
31441
29664
15419
23426
7127
10960
20138
28345
12777
27569
11260
31527
4785
23899
10294
27406
3199
11695
12104
23022
28381
18393
12863
7406
361
16337
29885
10877
23780
5928
20134
9529
23174
16129
13853
3600
3476
31582
9647
24997
31541
2973
13005
9461
1154
15426
26752
9530
14044
17910
14936
28432
30338
7632
9126
16598
14178
6868
18154
31831
14384
5305
8591
23465
29622
24560
10198
27990
15467
19169
23825
7098
13894
120
15377
17324
8916
29664
993
7777
13193
14734
15541
652
22100
29058
2333
16586
12405
9929
6014
7998
15251
18503
18371
14456
14601
7859
22864
16796
28546
25571
13623
31680
26309
24394
10415
21653
5586
11199
9154
31306
14125
2687
20549
26285
14202
26486
5389
9620
29258
29370
22880
23163
12597
29529
7338
18798
8489
14164
13937
26410
12801
17643
21131
13439
5209
12571
32143
26872
18849
16230
21897
12478
31345
11986
13042
442
1820
22580
24031
19450
1672
430
9080
2390
10045
2935
24492
28755
9915
23002
20259
20039
21265
8322
15732
19646
19115
29428
25497
9757
28268
15965
2720
3461
14845
4238
18082
19962
30308
20549
24057
25797
31448
19118
12462
6934
28627
14889
13361
25326
18538
10830
22349
31548
26074
23854
25178
8007
6499
5596
10165
17739
30809
27693
6253
12391
13944
3515
4415
22966
31352
4144
29637
29885
24801
14529
24554
4869
8481
23800
8609
11016
2267
16567
9943
1618
16771
5498
4517
23264
5160
32476
15051
5068
8080
16477
14426
3372
13450
30818
15536
18231
19584
3197
25001
21673
20044
10991
13332
2153
5452
1387
4964
9833
28345
10525
14760
7118
308
6123
32702
594
21154
1787
12739
29414
24634
26229
1997
27547
31964
5770
5853
19650
27045
28085
19983
12626
23744
29760
21524
9867
27263
30987
22754
1753
1194
25481
12202
31739
1047
26379
17675
27748
28794
31553
17797
22498
31359
15869
2096
26493
23574
8763
4526
13474
4878
4191
17246
2945
10726
23485
2770
11443
736
12638
9604
21024
22870
25601
19652
31520
27985
14689
24053
17376
3416
7350
21241
19464
29318
23166
7914
28826
8928
18813
17163
23837
19941
1283
12286
14332
22374
7277
18231
28201
1175
23534
4272
25093
32615
4752
30942
388
9229
31093
10981
1932
19683
8291
23304
27807
4216
896
5475
19130
9696
11865
25820
14461
25423
4137
26199
24459
2791
25945
7209
21044
22989
23107
5583
25682
3458
19259
16353
2928
21361
17872
28737
2610
22212
12111
664
27377
24700
13449
6403
3493
15809
26326
21769
19720
24694
10842
7377
32504
28177
22919
16529
21533
12458
16867
5194
23245
7761
24076
20915
10540
27301
28921
22130
29336
22179
26242
4754
3140
12987
7459
15154
9506
18217
31997
5498
13575
5762
29
28116
26378
11917
4097
3928
813
31573
23640
20359
6975
20604
3850
573
32512
7378
376
27105
15239
31782
22277
30687
10721
7005
8405
29016
20731
8897
28373
19480
7873
6811
29179
22472
15496
32259
5071
1892
681
28663
10026
28400
20335
18091
5693
18791
17716
24864
12758
6901
13254
31480
1503
17253
12560
29321
22311
5341
9462
13616
11878
17097
19584
17895
5243
15637
30779
4634
25591
19359
2524
2231
21471
32236
29991
10117
8110
17178
18447
29366
28826
15893
32287
2751
27672
10766
8984
21607
2978
25385
2268
26398
8632
26486
5258
13713
12325
25635
26347
9339
29571
8944
25613
958
18433
27618
24109
7602
19300
12092
26586
20669
24652
2987
4440
26404
30393
1217
5443
8480
15821
32164
14452
9525
8916
19464
24873
19135
16769
30554
10591
29390
10618
30782
28803
25395
7448
3132
12362
22491
11623
29110
6366
15964
22389
8222
14394
20430
1737
20582
12503
31964
8497
27063
17288
24602
32705
9829
12450
10906
31000
1315
13409
16058
24805
23155
8839
27967
8362
5729
25926
2216
19904
4721
25440
17084
24732
31702
4493
2150
29008
11748
13085
20418
7508
4296
3550
3192
31367
20599
5440
15945
15217
32740
20663
19943
26827
31862
353
11274
21569
9657
19177
26304
10358
15700
25515
10500
14921
827
4121
22675
32599
25125
27997
17915
19904
16449
20288
8949
18735
18468
13642
13044
8468
15878
6954
27134
1076
13615
10329
28091
28004
14764
763
11468
11665
16966
18950
93
22276
32437
31397
3070
28132
22032
17631
20398
509
10632
4980
8249
5567
12118
19207
31173
30346
31218
1154
24743
27177
32646
18103
17531
21916
13730
835
6515
16666
5425
23224
7151
23894
6828
27643
29262
28162
5773
13034
8452
15761
25095
14914
1261
32322
19444
9408
18402
15450
21007
20871
905
17840
31331
8130
1649
10863
24835
5514
28510
15128
19964
28170
4833
10182
26504
21217
24364
9398
21636
17607
12837
14342
25380
30580
21945
5309
2022
9406
5747
9996
18628
6913
10317
13780
26798
2755
19910
15719
26423
22424
30004
26515
10383
28740
16476
17629
22961
29216
10816
11018
25821
7103
16184
23780
2633
21200
6980
24378
28948
16710
8865
7977
17531
19895
10394
19866
12623
29442
30881
5132
22438
15157
30110
1684
1234
25006
17287
30497
18831
24704
12081
3589
16512
27928
18534
19377
6365
10272
25143
22464
14694
1187
28051
16696
3995
10866
25113
5132
24366
22471
10539
26597
9657
1577
16196
19489
26285
22159
32651
13596
29578
2248
19880
20143
1110
538
4566
22519
13384
10026
15161
27736
14020
3355
15475
24001
22668
17914
13938
1073
8500
19546
17803
9850
10454
21051
9421
24645
30216
30513
7055
10582
30731
10690
26956
25105
28997
14351
9137
2365
26097
21431
15091
32521
25366
3320
6246
31052
12725
2327
2892
3345
19015
30722
30698
29011
7271
3381
31970
24325
32459
32730
700
12886
23416
22068
27078
12594
27702
61
18974
6924
6978
1422
31245
26075
23620
19072
20118
19554
4480
12433
19023
4533
20816
5641
11888
7673
8146
30941
8746
22635
28894
16595
25658
25252
1595
29927
15037
6427
32274
24557
5446
31979
9634
26745
5422
27350
25654
8188
28715
17290
21076
19759
24868
26916
20792
30133
6980
13811
13953
11004
29518
20606
24617
7780
13104
200
17594
16547
19418
27346
21439
28776
22864
21090
14969
31806
11518
19459
24788
31667
21069
32589
12953
17338
16755
24166
2277
31311
13455
30409
18394
3417
21237
16198
1172
4308
9926
1866
18271
18479
4293
27489
15911
24307
11877
29433
29488
5286
26151
15209
23559
24559
3618
21554
21688
19707
24803
12420
23361
6942
13432
20996
8007
23998
10184
4300
14856
9325
14886
9395
8849
28245
293
21455
12848
27865
28845
27193
19757
22905
26958
24336
949
25334
213
19137
16151
30135
14621
4741
20275
25452
6440
27947
27694
11761
23662
9495
107
31093
11381
15243
20151
27099
6306
20773
18628
28512
16463
30633
10713
18047
25374
20737
10695
12050
19340
8066
23583
7865
18377
11121
4002
29311
9415
8646
16889
25531
24464
20527
31655
17461
222
25176
10299
17802
22245
1130
16074
20434
372
3794
20124
11135
1084
8003
17446
648
21359
17150
31288
31944
3726
5713
27512
31649
23932
32093
6159
14564
9174
23069
29602
19701
32391
25508
28548
24618
16278
678
29994
2933
23619
22330
25823
11331
339
19422
27832
12195
16808
22972
19403
6315
4884
25132
21916
17943
3439
16761
18904
15156
8167
32488
21574
28669
12440
15862
18682
27779
23133
21730
28876
13202
15589
11371
31240
16529
4873
19675
24935
7338
860
15428
26430
20267
24324
4618
25846
11564
17097
25505
5820
19571
20076
28312
11641
7572
26170
9175
15621
29020
13024
30757
23192
28016
21377
7661
32641
13362
30214
3137
1050
17380
18870
30495
18171
20752
6
7411
21614
8231
20402
3422
8739
8808
11788
19766
13093
23043
12948
31694
14349
18815
22730
23927
32630
29273
5184
28486
19120
9966
27379
26648
23225
13210
2523
19156
18792
8994
1985
28144
748
8783
19025
7223
29557
18140
16752
13001
15665
15763
27856
24675
2682
9138
24513
27104
20558
3987
14154
6144
5375
3212
13944
12905
3883
3605
31990
11243
12527
7720
3038
25608
29528
19182
3279
8628
30234
6039
3904
11097
18309
29833
12307
8222
26804
702
24429
30313
25096
9831
14534
17314
31701
11478
8508
12603
28506
2458
8237
17133
9207
28396
9732
21060
19610
17738
13651
25437
31099
18017
8739
14063
29193
16176
23432
15752
27427
15723
29560
20505
28044
11293
22748
20917
153
9106
30696
7830
27949
28788
13480
27745
11495
5684
29660
32682
22938
20651
9734
23227
12542
22786
2241
18833
165
29135
4692
28456
3632
32384
15239
14329
20418
10749
7094
21952
2229
24713
2851
10370
7820
8425
16272
14543
14889
26825
5902
10053
2369
16475
1296
13653
13324
10561
21955
19274
23361
29869
15266
8070
12865
17607
23365
25359
2450
15695
18809
5963
23952
10115
12182
28936
15711
3395
2573
27839
7716
3955
13633
30746
28277
31649
15512
21683
32270
25831
8145
6175
3525
17427
664
27947
7104
25350
31319
31333
16357
5978
28240
4575
11410
4168
15849
3631
10126
15304
8518
186
3904
1785
30749
5427
16415
32196
31430
20062
28266
3516
402
26
18457
28745
22110
10910
29459
6
17512
6915
15265
32103
23137
29955
1827
1695
4803
2560
24322
18113
22116
8519
10213
8229
3404
5527
22824
22029
12739
27613
18570
31112
6575
18242
24101
7575
27165
24167
17572
5775
26910
21999
27056
18622
8660
9279
25259
19025
3788
25217
2465
23669
16014
12015
26235
32701
9843
1102
14454
10180
6071
10936
13268
21011
2767
9631
18386
1093
13565
17167
217
30057
7201
12339
23288
26279
7378
14107
6290
28455
5805
2492
29012
16174
13037
15929
11626
7818
31037
24673
243
10801
9930
15480
15282
5413
31643
18234
8454
28826
29221
18205
31772
16219
5402
8919
17507
22634
26499
31008
26176
23782
4878
26041
1028
17714
20649
6061
17179
18772
16207
7383
31109
10395
7458
1700
20363
5253
5819
19482
10666
17119
8382
3353
28372
27438
4017
6881
32472
13134
25102
27093
27934
20313
28822
20607
21399
22731
30953
14291
20980
8419
13908
8376
3350
588
31978
8900
17094
30204
2774
18503
17831
28509
1007
27532
30056
17322
19341
31067
1854
8348
12443
15554
12946
22087
8174
6166
5623
30782
20693
20276
26718
6654
8178
18188
19085
10890
3144
24161
19661
13138
2708
17354
31971
32345
8929
27901
4162
26519
3159
4940
32383
23965
15188
22896
8197
21879
5566
32390
9482
13782
16791
16983
30914
32111
16849
24284
25810
10398
21860
15106
2311
6735
19615
15018
31560
3102
18619
20468
9161
18877
6582
12733
10626
15254
11871
23398
736
1202
19117
14807
32442
14298
30804
10692
22918
26620
26010
11055
13005
6096
9831
28207
30428
19642
2972
7407
4285
18675
1190
1785
30821
12516
16211
4533
28975
8146
31204
4652
3209
28608
15203
29714
17645
14481
26167
20996
17684
19054
22773
25358
12134
10087
4473
24944
31156
16477
1590
20130
12585
31007
10698
14485
14974
14291
19669
25660
25198
920
21004
331
21098
30313
26761
19263
15757
1604
16485
15262
22994
27020
28041
12672
31109
6829
27841
12878
22775
16126
32531
10186
29814
29931
20302
16207
31356
19795
5605
20058
11815
29743
12030
24650
19945
19573
22215
20836
21121
828
9
6938
6698
24096
30975
13709
21522
18664
21096
12880
16397
26214
15579
29807
5771
10399
20571
10672
11464
13356
29227
26904
10562
4832
19683
6833
23664
31147
3780
3211
4529
9662
25161
22785
27779
5360
21758
573
9717
7521
8341
26367
15967
10333
2615
29849
30544
5251
19480
14911
10696
806
15694
16765
19623
5363
11235
20489
16230
22996
7465
30395
11525
30741
26701
4570
6980
20166
24367
7833
31254
5984
31089
2529
18259
19115
13775
23633
6829
19678
9646
26500
11749
9480
22263
22674
13631
17328
4133
21465
7219
7352
4765
32253
31333
6280
22334
5677
21719
8296
31034
1448
32605
18988
17188
2176
12882
26391
4682
21406
10378
31226
1092
23559
22919
22684
8909
9054
9200
31838
466
11689
31806
17951
969
1112
29625
14686
14404
27267
11171
29342
2246
9843
2227
23823
10197
1124
15045
27498
30288
30345
27855
22557
21251
30289
12567
12456
2169
2793
32163
12359
19729
6402
19697
11729
2388
24532
14057
8416
22662
18274
5648
562
30587
25600
3326
2895
5549
21267
18
6508
15499
21785
22372
14224
16659
18665
7419
5109
29602
27707
19265
25777
523
1386
24499
32661
16359
23161
1501
10582
18733
6485
28294
24554
13059
5465
10024
9269
16083
32279
1443
1765
17312
29526
31793
31899
16795
6743
27037
15691
21489
6237
14768
13029
29928
5739
27117
15157
18474
12880
18046
16648
24416
225
29549
28816
11523
1414
5655
2825
6511
17144
13022
7581
28218
18760
4895
8069
3011
25892
18276
15218
7438
21590
6618
18475
15823
9101
1285
13431
18116
6496
690
27197
13384
21136
18221
27882
23334
29581
15541
14099
24491
4924
21293
7004
8959
17144
30740
11416
6837
22487
19127
28977
18080
22830
24741
26058
14568
14423
11876
4900
25694
13745
26722
15166
9485
5865
28718
25025
14097
4728
8680
13210
4013
5229
5623
4585
19607
16493
11001
17434
11670
21752
27648
5457
19535
21485
9979
24844
1628
5201
18290
21252
19871
8524
18807
24148
21206
2676
22745
12252
15983
2383
28826
8168
27549
8210
3747
26381
22955
5551
20407
6740
18321
29455
1958
12955
11717
26012
10691
9015
2643
11011
5527
17374
13104
27192
7127
4549
8907
7610
20372
3077
29414
29464
30642
12099
31140
17332
13467
21648
15587
2759
11828
30606
12235
31909
24081
10196
28327
9027
18917
10644
27892
9206
16956
2427
18872
4733
31084
10201
15894
30018
1736
32514
23070
24285
10776
10484
1002
16602
25414
26682
27878
23484
12890
14352
29039
28737
5032
10183
5792
5608
3144
1387
6760
23217
23239
7076
18912
4132
8220
1754
4572
27028
5342
26012
32193
20389
7860
26691
6294
3340
23052
978
25693
14486
27664
19489
23459
108
12501
14651
12630
14997
6614
23556
17111
24252
20642
17951
28752
19764
29137
10510
20296
1849
29756
28827
27508
15481
4206
23671
2512
20947
15445
23842
8687
17758
3901
14346
399
5037
8704
14071
20081
593
16246
26278
23144
29600
31027
10420
32175
10165
29810
7359
27519
3768
844
9415
13537
4192
24110
2266
28098
27829
4489
32240
10309
6683
29643
5140
14941
17548
14223
20420
410
21029
28176
29339
6467
4324
3556
14125
13990
29104
20967
1075
8108
29849
1141
23272
28592
10850
2780
1202
7825
28476
17680
17413
32262
17109
5537
3204
8498
24977
9707
1642
25209
791
14989
24873
31633
25104
11292
14673
25564
28971
22552
5554
26869
24933
7710
16325
13705
23943
15712
31560
14952
7920
9811
24873
11739
16276
5287
24997
5433
27973
1404
12721
3253
25138
24019
10137
16762
18093
21826
19175
20986
24625
30957
7046
2178
12707
23217
21543
9234
28888
16546
11236
9069
30040
26808
23331
18028
1121
13509
26558
14743
7727
21162
31841
8182
12411
13515
20275
28453
21058
28352
23480
20903
27847
19022
29686
892
30171
10389
27862
23798
8028
906
27086
32712
8188
9128
3005
23136
31043
24035
1814
30071
24280
28126
25921
16358
8956
16477
30014
19643
19543
16893
12172
14220
14583
1571
4425
8971
29334
23090
12954
1499
6171
6401
7245
14754
100
21132
8381
96
31299
7145
15350
29695
19910
7038
16154
5163
25276
9586
19204
26211
12404
31841
24106
23632
23240
2644
31176
29782
8282
9712
8763
18538
32286
14317
16042
32547
11289
21706
7148
21267
22376
7871
5798
9303
15747
1012
12468
18541
3267
11504
5579
3142
11810
12116
21340
7324
23619
22729
18363
18566
11186
9783
3200
21066
26732
15160
24622
17010
27810
28108
21266
28962
21690
14926
15214
14760
13463
13222
13527
3157
12826
17345
11996
21131
10472
20542
20200
22808
15214
5994
10602
13506
29987
22895
5682
21795
25101
8648
9246
14776
16263
17656
28663
32052
10817
26236
25238
11034
28040
6910
6731
5002
22472
31435
895
4443
14415
14471
25751
30315
27219
4128
24860
4659
4407
8704
14361
1695
27146
3719
16837
24348
22097
26040
28770
7666
1030
16178
22629
13268
22240
3682
983
5557
30421
1784
5371
25822
10206
9623
31793
23870
20218
12497
17690
32257
18549
18002
16125
8292
29546
18523
1130
28871
5767
16243
9757
32259
528
1113
32036
21247
4902
17980
26693
20094
31818
16686
30874
11579
30493
14551
20862
31288
17257
2918
16301
22867
5989
28877
19366
24602
25909
14894
19284
28896
6577
9616
14062
19473
14439
6615
17692
19394
30947
24307
4699
32140
18734
9815
22434
3739
22932
30637
29766
15874
5546
21960
20251
18769
11920
12250
21212
1898
6772
29415
2508
9616
11607
20345
7326
15041
12052
1942
14482
9542
4766
22767
8418
26248
12937
22362
28508
28965
14028
19330
18512
7491
1989
27101
1452
14117
29309
30175
7526
23548
25134
9582
18202
6399
21250
22677
9461
189
25118
31100
29649
10930
7903
6296
1697
20761
355
6431
4368
258
10828
447
1381
4260
20416
17807
2474
20468
31668
6470
18445
10103
32619
10411
7814
6484
16441
16460
29114
22701
16781
16243
10016
27439
4143
26198
2658
2280
29381
21646
8710
11865
924
19402
14157
5325
6053
2757
5467
1257
5822
21621
17305
14211
10547
30598
16216
14520
24197
27142
30903
312
12650
19810
5830
14821
3348
28305
18155
23965
14262
5775
7045
11603
17989
16141
15824
10853
32124
32615
30473
2857
17442
17878
21714
24009
2703
12519
27863
19794
19309
7467
946
15623
2492
15152
6924
11771
28696
16817
11013
8927
30015
4106
2774
30232
10702
21742
19637
22037
4939
3420
4346
23519
14440
28623
5247
28657
17030
6070
32332
29003
22649
1315
12404
21186
5771
17607
8250
8858
18371
21534
31096
12374
17511
5607
4418
17615
6591
27351
27590
8324
24348
17038
22902
13361
23577
14538
28522
18339
25633
4827
24319
714
2865
12631
28869
3344
6111
18958
9880
14057
22172
32320
18700
25003
12854
8462
25615
6561
13729
16943
30409
5722
23286
20708
23239
5447
19388
27438
9817
17030
30311
11582
3640
9208
7454
5421
2668
15001
16833
20205
17005
19985
4907
31872
1161
5766
16308
20071
19589
14517
20730
94
7559
18497
29922
3654
13108
17482
22489
13667
19989
16962
29792
5575
7999
15100
31687
2062
5939
11782
15416
31564
7171
3897
10232
28484
27318
12942
25066
24283
10222
10804
29525
11980
25544
19167
3814
29852
5380
19042
1273
10705
20326
11392
19732
8031
14683
29183
18612
17763
1248
15871
9037
6931
28576
25994
29580
23285
3676
7532
479
14160
26512
14917
22583
15073
8532
14044
32525
8654
18048
29878
2979
16096
26387
27368
25484
16620
6102
14121
22894
27794
5436
17707
1799
7722
3469
44
2158
10236
22083
17096
31899
24751
4277
30993
28458
30213
498
10465
3932
22469
8688
21615
22623
20216
9702
27425
3791
5463
2550
15521
14204
261
24079
8755
27502
6266
23058
21062
11558
8895
32051
4680
8999
2017
15523
15039
23477
5536
1388
16790
32221
31847
5532
16052
2997
6273
28837
7892
6629
23433
29444
30864
8294
27170
18721
14270
18570
16873
19830
4864
23613
31656
4596
32663
14986
32205
6306
6008
30049
13082
32648
9634
31895
6557
9163
19630
31278
15843
25
31656
17367
30313
19015
9501
1461
29523
5177
27765
2660
30304
29699
15747
17466
18206
30541
603
31692
14170
26108
27492
18356
19419
6159
32174
12690
23888
25286
23429
11345
17798
24842
31558
16300
27870
6921
16497
3312
19455
20769
11008
4355
13768
28159
4343
18341
32136
25608
5693
5110
19826
31223
22186
4664
16715
19144
30305
14039
6502
31958
3168
24230
6610
29760
6997
13420
27090
1168
3251
3999
1933
26015
25094
12399
9223
28595
4228
32007
31568
25323
15076
9231
31996
15837
15731
18549
22738
26493
16484
6765
17353
12353
17511
438
2352
28290
23934
15647
15404
14886
4108
6987
7527
2940
1071
12465
2311
16743
848
12006
221
21183
29689
16671
9951
12020
18406
4594
15321
4596
4190
24156
30303
20303
11460
14856
17926
22681
18281
26830
22228
785
5284
29051
26868
20607
2085
19920
20654
16227
29830
23501
12951
26187
18723
29743
20485
24197
25132
18999
30662
16886
7928
30893
28434
16458
12956
24613
26301
3918
25277
14977
20657
15001
10402
1975
10652
5746
26765
14292
2790
23022
13132
13889
6374
9305
17931
14917
8533
29143
15468
204
32259
17227
10458
21351
4040
32120
1818
147
26046
17255
15650
10558
25773
20488
7727
1927
711
4891
9234
4806
27542
5457
21194
9420
8242
26543
31320
1132
26551
8756
19151
31034
9206
13755
28331
19602
24171
5411
8035
23516
8560
31148
26690
8207
29103
18084
2930
20084
31709
20548
15706
30381
19110
2517
10794
16885
6371
24342
31155
14249
5139
15586
17789
11016
8969
3342
13587
13879
1250
10641
13474
26247
23610
2791
31170
32251
31392
13751
19092
28165
70
11187
15117
28561
9213
25535
21649
23620
14177
3414
23492
11526
15185
9002
10397
16830
6307
4363
17596
22108
20757
28938
17405
18717
15494
9182
2893
5642
9830
18567
31164
11203
24427
22321
10196
32122
6021
25434
12585
30274
5141
18743
15410
12682
5722
19028
13399
7396
1579
23932
27211
26380
13548
13784
3740
24613
19643
17754
14985
12101
16362
15965
31507
308
19634
22661
4695
5233
26917
23789
25370
18038
11109
15745
15014
1597
532
15272
27861
20483
20747
25127
30315
5708
17999
22082
6568
15399
31552
17443
10526
1203
13844
27264
29889
7138
24452
2425
3389
7293
197
14527
20876
14185
23994
26875
31431
24616
32616
5230
6716
8866
17066
25300
15810
1574
16166
17551
11849
8620
6783
18689
31925
17757
7117
13370
20717
23893
4938
6099
12078
29095
27213
29465
10150
26529
28541
7791
9278
26706
13118
1517
18615
4170
2160
30541
6392
19617
32089
1800
22950
2363
24799
20668
24310
5193
10235
5841
15807
23315
18282
1372
4820
25590
21926
7235
21648
10664
2324
1187
25266
15300
26239
21870
18539
18562
13253
2905
25782
29637
720
14325
27880
8028
26824
11291
32136
2177
13703
8590
11616
24230
16206
10204
22228
14194
5814
22661
2931
1030
14057
5727
26060
27524
1553
23609
11651
11986
14865
24255
420
31131
30068
1438
32054
17559
12450
32744
2580
11533
17242
30649
22008
26006
8796
10523
7641
9251
9574
24615
17271
12609
26978
8813
24884
31900
8926
1942
20517
23234
29884
1352
21609
20522
7979
12874
25529
3445
6870
17641
14913
243
29787
20634
12718
8553
31742
1760
3721
22034
7583
32624
14275
8163
29929
19348
3217
26643
29133
22733
19578
6107
8494
26300
17837
23931
28126
5186
15769
17021
28106
18407
18360
30525
3953
30584
32427
30633
15259
4852
21388
27974
16199
5802
26496
29300
4581
2203
9099
6898
19397
25893
681
26020
24784
16099
16922
31636
29558
5583
27645
24632
21479
10665
28704
30451
32646
19357
16151
477
13466
29472
7051
32199
28231
6683
5589
32634
23742
9291
26059
30272
11696
21991
5850
30630
14600
7556
14934
30847
26073
13623
5133
5932
23445
24313
29986
23323
21377
16463
14617
3470
7781
8490
6446
3998
12936
4619
18923
20863
21979
15724
5881
20229
14453
26716
28983
13671
4927
26217
8969
5700
7921
1218
7923
19427
30525
12445
7270
29375
15945
23767
30425
7235
5219
27354
796
7890
14321
6852
20201
9994
24998
18118
32445
28234
12540
28105
15845
14961
15582
20824
29916
2793
7332
10938
14804
5861
32069
15198
12179
230
5832
15485
18048
25476
5628
29178
5118
7019
20073
25741
13304
29348
18566
1824
26813
4374
45
19321
27919
22092
26443
27162
11382
120
220
24933
21979
17592
10263
28676
31825
15513
22501
3720
14902
19674
1688
11344
2683
26994
27098
13229
19520
23251
14051
6467
9380
26737
13040
31411
13019
3198
10224
4215
19073
5368
4480
30477
10285
21990
5657
4951
21578
20703
8328
5698
10274
30155
11679
25510
10556
24814
8747
24685
12008
14882
15654
27640
1560
6499
31277
2238
1905
5265
30772
30774
21410
23154
14456
19960
10741
32503
18869
15903
3363
23744
13209
10993
10861
12257
13945
13762
14056
19943
13124
22293
14105
7958
20405
16901
25793
15605
10956
5859
9978
23053
13694
10529
20611
22253
940
23662
6233
10353
10578
23843
135
29508
30721
14302
7998
164
12431
5228
32296
28773
32013
6125
1018
19513
18169
12850
7241
24622
15797
23146
4510
31864
8504
32510
19916
1137
9476
11449
29825
28382
32599
12588
3100
7028
30886
15441
10430
8603
3911
17774
19876
31857
878
14140
30900
14354
24410
10057
3157
1047
20432
7323
2948
20316
24777
10646
23589
20743
29288
23840
918
8901
31278
20226
4490
20567
25713
19345
11541
78
10762
25231
30723
6674
28239
23884
15470
3369
14657
24592
6288
7606
8710
15037
7381
23104
32153
11441
4148
7861
26048
8170
20160
18607
11326
8045
30330
245
3658
3304
22122
15941
15425
22934
21486
25937
2456
18019
14929
10759
22804
28497
10399
5653
6461
9754
4536
22701
25872
24599
676
17285
7412
15200
8998
6435
3055
24373
9364
4183
27930
15260
4837
12553
25938
27724
15372
28212
17713
17098
8581
8499
10044
15314
10285
19004
15966
25592
31318
14890
26774
28559
20507
2431
23020
2506
4593
169
29609
7969
2431
21892
7111
9974
5296
25121
10407
12409
3846
14534
13570
14025
25905
14645
28706
92
1760
2865
15954
3488
10967
8767
15763
23266
6465
11946
656
31088
28744
8137
8660
17402
5860
7044
22843
12862
20976
3861
28070
4069
12163
15628
4339
6823
15485
27798
25645
19382
14432
7678
27135
20570
15202
26740
32111
30168
704
25870
8393
3225
22356
19212
14552
1672
17002
8544
2140
21692
1232
10606
32697
18519
1068
26384
13549
31406
8850
27101
6084
170
13398
15275
13903
28014
2079
6226
9618
26681
13629
21171
25213
22926
9277
2809
16158
29587
1466
6687
12308
6584
11126
22195
3655
27544
30633
5849
8406
30500
22168
5010
849
22014
30314
4414
15401
14883
12599
29024
5988
11725
23907
4514
6549
2712
30762
7193
7948
27619
24187
11465
31562
8313
2058
28780
11448
24433
30881
8303
30872
17490
23478
62
827
22139
32323
16321
14452
8130
6866
26406
6222
5724
11223
12258
15354
24061
14403
28402
9995
9279
20054
29799
14566
7240
8373
1057
21107
23975
31164
19419
1049
10880
30997
31336
22506
24809
20362
23611
3098
7059
27927
8493
20918
17837
21828
12155
25490
9733
3506
10254
2436
9585
23283
0
23503
21613
16286
21339
23266
29701
29091
21796
12099
1526
14813
152
9670
10256
29158
28597
15362
16094
5167
31484
20741
13193
4688
1654
20039
18682
26012
8181
23773
19519
3577
21148
31471
9264
29423
21409
1388
1106
23294
27730
2556
18171
27957
17750
30007
12983
28928
30518
28948
12011
16450
1052
1956
11192
8099
7898
24064
16674
28972
25389
7040
18802
29969
25411
20781
31448
3277
11900
30073
17493
13428
13678
18478
29144
9797
12075
12965
23464
23679
25542
30776
9473
25975
19
19193
19970
15846
22191
6309
7367
9607
12864
9171
8658
8674
7422
15729
23471
9058
16755
12913
15831
174
18558
16832
7894
15414
22686
11896
20905
18444
6765
16982
28266
15350
26219
21614
3631
12737
32765
10269
32303
15320
438
14400
11814
10773
24276
17059
24059
4310
7694
10173
20128
18004
12685
29338
31291
18992
4152
7448
6019
19279
29748
25686
27756
16360
25259
16746
13318
17371
24781
23122
7074
12613
31253
32557
6968
10065
31694
1964
11525
29521
2517
9411
10360
4109
28832
31396
17487
12122
22655
5869
1022
495
15906
5920
5200
12661
21596
4949
23376
16605
13094
8491
16234
18166
30695
772
27086
14143
15091
22386
2069
11514
32337
23788
20775
27777
31169
7622
20828
3805
26621
6240
16865
2965
14656
14237
28510
5316
20229
12182
29653
31086
9489
4752
18382
532
2995
12844
28337
31622
22347
8414
17011
25593
10505
26528
8820
28249
13559
17384
2472
20449
10554
471
20470
3048
6805
18099
6877
12798
6702
24471
16733
16951
22677
26729
10005
11207
31234
24333
21161
6607
32734
30424
17254
631
27525
16456
18985
11325
32331
30962
27004
7565
15037
6075
259
10897
2857
26955
18455
5450
12640
20671
23472
29664
25530
158
25480
20790
15195
16399
4733
15298
22453
4169
1591
13980
23374
17994
18956
16596
9667
27852
288
26377
28430
629
31697
4919
10244
26702
15442
3793
17441
5238
11925
27408
20616
23832
5999
17290
31814
28570
32503
3846
30167
18455
6703
29327
16875
15632
30694
19143
28522
29534
29916
24446
19637
20075
15144
30083
559
12450
20695
12986
13820
8228
31190
2159
7432
9149
28946
6122
7499
27670
15581
17732
25932
7468
8852
27769
7396
19456
32126
27837
4933
1169
31992
32276
3642
27655
3535
1309
7857
21297
29422
22830
7798
19761
20793
12454
15169
7798
12984
10111
13043
6123
17656
5155
9501
12910
22190
7809
7618
32388
22686
19807
15710
15435
26043
32242
8742
12208
5776
31148
30354
1249
9182
7765
18713
22790
7303
19549
4411
15148
12970
3953
1477
14721
25616
13644
10321
20167
455
18128
10764
17411
23308
5973
3516
23157
3951
24129
11009
20941
19505
3800
30426
7836
30961
25174
13676
25865
6023
18491
30975
3013
23345
12519
4682
31553
15085
26214
22000
23838
805
26509
23370
28645
10897
31046
6247
17144
28250
25128
32593
28360
31099
1099
146
7497
7021
18778
5879
30371
20995
5353
16532
17963
10899
12553
2312
27537
15958
26906
2307
27738
19985
18145
32517
14737
16629
9691
25960
32186
2756
4304
10656
1800
15670
7594
26818
8656
18587
15240
21827
30524
12225
9999
10754
17476
13080
30976
20105
31962
14100
784
4240
12133
27091
28404
5827
15473
27648
21435
28870
13989
247
13664
26741
32501
2602
8864
30832
28953
20931
25865
3031
13373
26763
30548
27474
1018
6922
13812
31573
1413
16880
32239
12194
32038
29107
11757
22543
30700
19834
15758
10889
15776
314
24321
11865
7927
10014
24275
27814
29707
7213
13828
2619
24332
2087
608
11915
10035
7343
22796
23538
16376
20399
10080
7486
20613
5369
5620
11374
20330
23338
8702
30394
1682
20436
24795
8659
4982
11996
8683
30315
14224
8480
25250
21496
3347
28253
18652
4533
29657
1617
6001
28906
19101
9500
20746
1134
18538
5868
32051
12650
2643
24281
17329
11615
10597
17678
21013
7531
27866
4138
16273
15048
27791
28134
25355
8341
14265
20215
20336
9945
21459
14902
27211
28357
10203
23294
20630
1081
10173
20181
32207
14474
21520
30287
26959
6787
25088
19760
3544
12201
8075
3537
3949
21187
26609
9157
29542
23450
15461
12731
7875
29694
21769
11942
3777
15881
15897
24092
32683
12200
21862
10236
30195
18262
15367
4948
23937
32299
4171
26754
13131
6934
1010
16025
27942
19303
8860
30726
5083
9360
23681
29299
17278
29484
10595
28139
1531
31552
22465
28479
15346
3521
23630
8617
1989
5975
13729
31664
28399
3169
14382
11083
9623
22073
22133
3401
14436
9657
14713
13296
2196
20222
15732
16613
20040
4715
9929
5708
5410
30449
9018
9007
26386
6542
27483
20260
6509
5652
6214
18730
28736
27948
401
15829
3043
2970
14205
14507
21713
22211
28016
13517
22966
25196
26790
8410
21450
13252
18211
23056
17758
13733
13036
25268
26292
16919
21878
22452
21780
25878
8031
27020
14364
15509
14428
23654
20824
6594
11123
21381
10771
18316
9066
27619
21356
6754
19327
27161
27820
11582
10329
32640
25558
28643
32063
27286
9344
27235
4488
30371
10466
23011
27218
7836
8493
2722
19575
22343
9502
4920
6845
17568
9170
21788
25677
24188
1500
26217
14183
18540
13717
18658
3155
24804
435
4659
23707
19356
3613
27002
14967
31543
18174
32261
31881
32291
2584
23389
20938
4800
31324
16004
20933
18116
12727
20604
23811
9694
17710
27144
25030
15257
20269
17591
22778
27780
29724
15645
3944
27280
5428
2660
3885
18617
9617
3844
15722
29160
21896
9934
62
1816
2106
5679
241
26808
18281
32435
24178
28497
10635
31944
25604
5993
24093
21189
6196
9383
21562
17706
14350
56
12140
3113
29328
22128
32450
32358
30815
14261
27171
22780
13241
16537
18913
18624
15531
3398
23697
6345
23940
31775
3867
10800
15241
932
2829
6420
30698
8086
32565
13025
23797
6492
22126
8658
27530
12198
20666
29109
23759
24912
12945
20975
27684
24457
32377
14527
32090
27444
27863
19399
29471
8590
5637
12744
18877
31762
676
12717
18949
1946
5684
17099
26757
5830
2018
29287
9474
29601
23968
17016
32290
21634
7547
26031
19816
6193
10537
31925
8037
3403
30690
14516
23597
18664
8818
1816
21513
20602
30091
10903
1131
6905
32351
25966
10535
11581
17774
6382
28127
21931
11165
32312
21439
19219
7561
23621
8043
13017
4378
24361
25398
21075
347
29848
31125
28531
23689
20905
979
9382
6250
1498
16646
11259
24799
16212
20801
25992
5309
9329
14603
7434
1241
26236
14608
21195
10594
29112
19991
3017
16756
24227
27956
27924
4329
2171
20543
9848
12403
27906
26244
28764
9192
14719
15804
8426
10972
10501
30525
7280
32629
6135
7533
9478
30587
28876
28028
19826
15279
22032
26963
4936
2398
11691
17863
25686
12853
29030
2323
4926
20055
26795
28037
32613
21677
12172
23671
29708
3453
12040
5505
701
4927
27273
21997
23785
21932
18096
5227
28879
21271
11605
9478
19871
31744
13002
22871
4832
29927
8288
28921
28431
10846
2093
28221
29065
27490
17932
8990
13227
32235
4580
2679
7479
25026
1838
16755
18425
13715
17841
13637
18091
29251
3984
22810
21271
28803
2183
30796
10107
27814
31346
30937
1841
31919
17167
8723
14991
11439
20228
15257
525
13646
17956
6277
17573
167
19694
25319
32128
29017
32598
15219
11470
8154
2249
374
20470
527
32107
22287
9455
12570
22691
13723
15597
16756
17625
9841
8769
24891
4222
29648
5498
12493
29773
26133
9681
2453
3793
24881
10436
10021
14632
30299
21760
26245
6406
15874
1156
4043
5117
3590
25092
24044
2043
24615
1419
14546
27924
31934
17509
21935
17537
15787
14396
12688
30953
32142
16769
6709
5088
1850
2318
14624
27822
6502
17673
21740
13393
21158
17675
15584
709
6554
2433
4804
18818
21861
27219
26355
20295
2657
4292
23218
6422
12050
18586
15552
25727
19800
27774
21551
5922
17384
29093
19825
18288
15356
22192
32182
17073
10058
31185
28790
13387
23091
6704
29513
21057
5694
2189
5119
13050
6340
19238
17645
12356
493
14555
7045
31640
10203
20368
23850
18336
10788
18899
20034
10998
22918
14270
30604
8239
18390
7967
21939
18200
5178
26327
10020
19263
18328
4480
19485
5045
21838
2899
27911
8211
5156
3912
23302
14011
17278
26494
24270
18528
28887
3294
27064
11465
20842
27132
23829
7377
25650
17725
23490
3507
28693
5695
23037
20868
12893
19061
24438
8449
20839
15634
12201
29323
26527
26153
19564
17008
15020
1298
1732
12396
29415
18959
4605
5744
26386
17199
19706
31905
20551
4211
13769
3748
31278
9008
15226
30233
17267
3252
25138
15973
631
8236
28027
9653
8774
27590
1246
32576
3018
19730
1716
2764
12094
9390
32057
25971
16868
27938
27106
30631
1019
14601
23281
1140
8940
23666
32582
15877
3012
17797
11384
874
16870
18538
2852
11160
3586
25190
23941
433
6465
14407
5189
22150
18626
21507
9619
19291
27978
26012
23158
14826
6967
2886
1633
23978
16054
25804
23815
8784
16438
30256
23152
15254
19741
7570
29005
27196
6329
8274
29577
4685
10617
4985
26912
1700
1629
9045
18740
11694
22699
32356
18782
25458
21988
26484
14146
15566
1526
13063
4198
4099
14771
13308
19524
26228
17794
23404
3229
15274
21588
4051
10257
11676
26330
32624
17133
557
21238
29166
27204
9719
22383
23875
25921
2119
6120
16857
12475
30824
5395
4587
22794
26661
29986
10291
9753
14217
12414
4546
19901
28137
30396
12079
8261
1061
24525
28915
25427
9258
15732
13076
20202
443
8445
31745
24775
12402
26925
8893
31221
6913
27765
8256
31388
32702
4970
4123
20506
5727
30586
9306
10580
17153
22999
4270
17742
31344
1720
12492
4090
15266
30913
28176
334
17028
20671
10342
29337
22522
30105
9834
24087
25376
28804
20686
15555
8151
22901
15612
30316
7805
26588
19197
6155
28923
31631
23194
17492
10501
12804
23489
4747
2973
23492
15914
20377
7641
26140
1081
21855
28391
3350
32039
27722
17230
27048
27229
27432
1398
12330
5152
2362
8043
13069
4467
5770
8670
32203
18233
3710
23661
7194
25243
14510
19236
24933
21161
19443
32067
17532
1348
18368
22849
9099
27451
30646
25106
1097
1972
21874
24998
9329
3790
15530
7346
28278
22404
9592
29618
9843
9429
22773
5423
25440
2593
21514
9533
10380
28375
19587
32329
13127
30029
3173
28433
20703
18671
6018
6644
20687
6044
20298
22892
26418
14925
2276
19929
4990
20728
18814
30848
24430
21940
7393
2003
2624
27421
14920
14579
29729
27130
27506
29299
24038
29213
27126
31839
20732
651
9943
31100
17314
23773
12376
1490
19797
14310
10769
7784
32652
1430
2883
13903
13990
20510
5993
7393
30497
29269
17679
6475
11020
12123
1767
24393
21439
28028
11034
16689
969
6231
17628
17203
13610
28223
21571
29663
20419
15585
8281
11751
29706
20775
30576
10023
24066
7773
18869
28898
29803
24723
21000
19791
22581
15938
16651
32340
2107
11570
7801
29073
27950
7834
21690
28064
25039
13962
6836
9371
2914
4742
12259
20447
5727
25459
7852
14608
11114
24248
30958
21598
12421
19101
17115
20486
10885
10742
6
15643
21186
19206
5820
13702
13587
15774
