17907
1
1716
18744
24131
10252
5095
2272
967
15182
15095
11376
7451
30853
10233
14005
19625
14337
21326
31391
9585
23896
31874
15000
7430
4442
19572
21012
24281
22599
25271
7530
25786
22592
21049
5090
30876
25596
20770
18447
921
7612
8191
16991
20022
18049
27680
27120
5607
3452
12606
28581
7126
29638
24162
28538
4320
6225
16897
15380
736
31
364
2205
12081
11953
8040
25806
24174
8899
22040
16205
11644
2870
18468
25146
26571
18510
19732
7684
22232
3357
23805
5762
10999
13631
24416
26175
24911
8904
24911
3093
19238
14459
30417
22269
6751
17469
19336
17445
5952
28105
9873
835
25465
32164
26028
5418
28258
4180
13213
14490
32389
2509
32210
6493
29788
23852
27973
30095
10844
31911
26276
11582
5682
1476
21936
28723
3916
32202
18403
32270
24219
12917
6741
11417
31639
4846
16096
10326
6788
5370
23682
9050
28660
31346
20228
26206
19854
2803
18905
30740
31757
5590
8777
20151
30348
20579
1231
16358
27392
25665
6591
8882
9222
16945
23851
22518
16351
3325
11784
11495
22712
12458
22669
19435
559
31221
8156
12207
16404
16894
2788
19571
23148
574
30854
25513
12988
25790
16118
13759
32388
9355
23141
1593
2825
21093
28381
9730
28247
20919
8556
30724
18823
8652
3204
9206
62
18239
21410
27509
2422
27059
6702
21847
15745
31173
24994
9020
17738
29503
4847
17765
3807
3982
14109
16586
27436
31863
9009
15206
14601
27397
6995
8918
16760
2758
12592
8482
10535
17719
24990
21467
6973
19836
13694
31078
4435
22612
27111
2199
23743
4173
25473
26242
21785
6708
28974
11917
20472
15824
8688
16586
17917
1744
12807
2692
18707
29185
21337
15640
12276
31428
21783
26374
6896
7360
28318
9032
13802
7636
12699
21219
23459
13391
26483
5307
32315
23908
24034
28587
30964
30680
26338
25301
12090
30462
4046
20535
7392
16869
21447
30080
15277
4816
19799
26401
25111
27366
11092
16806
32590
28203
27911
1351
22652
15279
10638
20410
11083
5638
26239
26700
22953
28663
16846
21040
712
12664
29425
22807
11624
18651
26433
19457
26456
23618
32164
23122
32314
12120
9577
18216
13704
4419
25715
26348
7636
26324
2202
6951
29012
9473
2126
16535
6557
20374
22141
17283
17071
20519
11703
20043
7986
14665
5777
17987
16895
18946
11591
2753
12514
17789
27301
10869
5278
29442
29735
761
10802
23078
14175
32425
22875
3903
21655
25781
5210
9243
7352
28533
25847
4338
9834
7420
19142
10648
15997
28143
20137
29431
14216
1688
28566
27837
23759
26166
19611
9042
3178
10391
12319
7693
15524
1513
24682
32167
28834
1230
22888
24304
24645
4782
21417
21952
22352
30289
15533
5169
4046
20653
1119
4619
2990
8188
25567
18560
12721
30994
388
22042
12678
27374
5666
7921
29491
16527
30600
15649
5558
5385
11341
21883
16620
28119
27853
9339
20147
20339
13678
22394
3915
36
20008
1573
11523
27927
27460
24622
29457
26034
19299
25410
31681
8485
30403
11578
2514
16962
958
16021
4380
19854
1171
16678
12919
17816
617
9994
11993
24969
10641
13789
5566
4605
2828
21037
13005
18449
5965
7983
32440
12989
13887
18097
5988
26213
8330
32080
842
8874
24083
5867
17437
10886
3521
16216
31916
25240
23175
11093
11787
10684
16799
21953
20461
8159
3603
7436
18517
20242
11650
21740
1646
27356
16929
8273
17590
6613
5632
10140
13922
32112
21391
32523
9215
27673
10080
20856
15189
4480
12078
9028
5776
26932
23071
16782
16034
18291
7750
12712
11491
25665
10092
13515
4090
7351
25360
13321
22529
24222
3500
10372
19940
29244
9530
21470
14858
5742
25847
23792
24120
8951
11879
9407
18098
9496
921
26539
13987
10849
30380
32490
13246
11718
12946
22069
29990
23285
276
27073
14731
7143
29206
24689
18582
9397
2077
5706
9096
29102
3598
11047
10526
27558
31289
27054
12471
9872
661
6786
24760
28240
17997
6074
17456
5578
12412
13459
25528
15423
30773
19809
26014
31961
25031
5068
31042
15492
9535
27448
4543
2560
7726
27013
13262
17460
10412
20473
23272
31430
20380
4218
14763
15592
12338
13057
22911
19061
14003
12107
23929
23356
6268
3794
27776
28828
12102
27387
1710
25937
6568
7057
18936
12173
17629
10610
27154
2378
17352
22920
24461
29407
5941
25595
4675
17362
19298
11173
756
15854
3774
2503
14385
22165
9712
506
29305
10839
24859
29288
27555
20163
30305
5179
9595
30332
26022
24662
2992
7056
18838
11331
27886
9222
14825
4973
3911
13494
8933
144
25559
9822
13861
27501
7592
20721
22682
7874
12243
8498
12751
6777
30440
11394
16497
26144
4496
14070
6158
26521
11377
24493
11293
4627
17746
26465
19519
313
10624
17723
13764
21672
13168
32236
24177
24487
2981
28921
23680
274
28884
4182
4073
14232
19271
13879
28896
17959
3967
3363
10143
31907
13341
15946
20837
30942
16131
23064
5823
29637
11702
12042
30470
28375
15622
705
27945
21980
21490
24917
20908
26835
5574
30443
7665
556
24454
10122
29879
3383
13455
22826
5088
16605
24188
9230
4983
29326
17479
23892
5617
5498
15536
12235
19891
14852
24547
14084
31701
8563
7253
20652
19494
14827
4847
6168
12912
5789
32366
16418
11517
14394
10762
16180
4185
14765
15189
418
16474
13577
21351
5693
31326
29888
19256
2341
5332
17687
3917
24798
22526
31190
24215
29094
21492
31812
28824
31494
22509
30034
18119
17320
28346
26647
11574
10088
1171
20604
11890
19373
6678
6713
32426
28154
10381
1024
8724
192
7024
17143
21133
2679
811
31340
26752
31468
25888
23493
19208
27357
19696
693
11097
31171
758
25014
3932
15855
3093
21171
28569
31448
22196
8196
27738
4532
14598
6560
24077
24645
9359
2702
17643
502
13028
8861
23511
10022
28594
10325
21129
30404
1025
1837
29419
11804
9914
3583
13763
29424
30311
29112
2707
3019
8251
26708
22205
29330
30802
28682
28651
30044
26425
5827
5550
22915
20657
21969
11878
13564
22448
21982
19297
29155
9129
12066
14407
12378
2829
31194
6581
31380
18194
17141
24360
32557
5299
14608
3101
17853
26360
9636
7286
4524
3703
1662
2080
26440
31259
23408
10739
26388
29988
31815
3545
29539
1647
2812
27187
21542
21752
22063
18552
19715
13725
16336
8479
22951
17957
31776
28352
1116
14720
15576
31862
2782
14672
7335
29575
17770
169
24290
27719
1049
5141
22392
1593
22124
15068
3876
19320
28968
7554
30694
25429
9828
11664
17843
22594
9184
15000
16236
29935
27544
22643
7181
31922
15001
31437
16423
17196
21012
27108
28560
26410
22193
29836
18264
13513
14885
887
5120
29406
25351
29107
22503
8084
1759
20084
5637
24663
27265
27668
13531
10481
31897
24664
3498
24051
32390
23029
31716
30295
12140
28498
224
24675
11652
19088
20433
11729
439
22216
22009
19244
2412
21139
4890
18045
12958
27600
22062
26919
15921
18593
12887
10512
31878
8631
16409
13569
14413
20944
32455
8272
17306
32381
27195
29116
23355
15913
6346
6552
21578
24407
30072
4908
18430
13611
27239
13656
12742
3372
3990
30330
13209
12872
12744
10130
29831
8473
17857
27300
19861
20838
7096
26718
14535
14573
26378
2299
13950
27487
28204
13415
7428
31661
30435
23972
1638
642
17079
23916
20610
28176
12197
24600
25440
32528
20756
27328
12742
5892
5386
15268
10246
15296
18848
2506
32027
29736
5811
26601
6644
25147
16349
20102
2832
15953
17059
4445
12363
6048
9456
17410
7928
32261
1987
20936
27183
30978
21028
19682
17768
28675
2140
14536
13641
26597
9061
21469
17085
14776
31904
9294
25670
9924
8646
19517
4500
28107
9505
26911
13654
17806
15868
610
29008
24722
19800
19283
26798
24100
6880
15424
1176
19611
24095
18137
26374
8413
26609
10716
32726
18213
55
10226
30748
12547
19407
9684
26553
1188
20164
29617
2351
20819
24257
17876
24499
27968
6604
8322
900
24704
13616
15137
2172
342
14523
7840
13028
9649
31274
786
28301
3573
27874
12444
15388
27902
6625
26514
2214
12643
21491
5085
9085
29687
31785
20384
17993
12182
27271
31003
25434
9758
20221
24527
11836
5819
7833
19682
4748
10600
24826
27334
3339
13234
29192
20502
6897
15039
3042
12736
13188
22160
11544
105
32744
23171
12059
29965
17721
26396
8433
20710
13527
18692
14893
21648
5889
18770
31263
12906
934
21258
18248
63
7543
4579
8976
27686
833
28238
17852
14502
27514
2739
13978
17438
7706
9726
13438
8036
16556
1882
626
30637
10404
22332
27818
22445
10227
2468
6582
1023
2009
15776
31739
30406
9722
13841
30564
16021
26549
20401
3925
17548
30641
6229
12513
15812
440
27504
27964
19438
24777
14297
14451
4406
29544
21198
90
15214
2617
31800
12230
19048
9421
30768
29181
5539
28860
25027
19051
21802
16116
6898
21655
12730
25424
32253
16469
8227
12909
13282
24124
3056
4537
21536
20570
5450
19916
12736
13095
26138
11004
31126
21176
25198
25643
1477
16437
14366
3044
2689
23437
4527
935
25
9576
28791
32128
28212
27998
29186
15326
31834
12390
1205
931
27575
15249
20401
29816
24092
26360
20987
15203
3655
31986
31961
21403
23908
8587
19839
18843
22996
20018
10730
13429
9004
13746
1293
22889
20353
9316
3627
11702
13795
12450
28548
10928
16935
20350
24627
10259
13802
8628
3415
12439
31442
3294
7793
1220
27159
29927
22797
16392
11586
10690
10149
21511
7221
23900
1986
20018
15468
13775
9060
7067
17794
20440
6564
16135
20215
17803
15000
11589
2864
3397
14967
17343
13247
17635
8189
3407
2789
15665
29201
18772
5717
22949
26790
26884
30523
6222
9439
30468
893
22023
13430
7478
1089
8944
25694
15570
15791
15135
9895
19640
9208
30610
4003
29188
24983
19304
11847
1763
4823
8529
17363
934
23189
11588
7862
32277
13383
1648
7339
13062
10045
7540
6185
20014
16167
25298
17658
25654
28120
12705
16425
21265
14921
21123
22306
31886
24801
10967
18965
3881
18675
27696
3483
20775
29577
22533
20380
8674
18272
27562
17264
9569
24115
2174
31044
20011
14140
27751
17600
14685
29433
3707
30439
4347
31788
13312
28478
26756
16933
20887
18480
18377
26691
3252
8881
22526
3769
29009
21794
26386
6286
12260
372
13628
4840
30606
22161
16599
8585
16533
247
1135
5274
6932
3750
23324
2983
22001
19005
32526
18924
4624
20832
22122
8143
5574
27228
597
3501
29841
23822
25677
985
24326
21249
3520
25570
12042
726
19927
10005
1093
10985
20883
20035
1236
7985
2588
32453
5694
28264
19798
28860
8874
25196
25780
4765
15951
24550
32337
1518
16683
26921
13373
22858
10488
18525
7700
9131
22364
9436
8406
25833
96
2012
28914
20349
23843
5199
31396
24459
30416
30215
9345
25376
7629
19486
8273
22456
24885
4757
15900
16643
6793
20283
30088
23784
24994
1488
6498
22731
31978
14187
27002
27659
8652
28953
30388
31695
6505
11719
3420
11267
7565
3938
6586
413
481
13116
15078
31269
32098
9650
30686
15476
10257
14604
19158
18108
236
17316
30415
15816
4126
2379
23403
16773
31091
21480
15104
27330
4878
32610
9963
22068
21598
31936
1575
24765
12622
4239
27166
30957
13756
20612
9662
10698
29997
9315
23248
17100
8895
19999
29061
16684
25951
15683
11858
24159
15419
12688
23038
26589
1914
28904
12282
17446
2347
5227
1776
18695
29308
12511
26526
18201
20781
24149
1509
28300
28996
25353
20509
28962
1793
1419
2220
1406
13588
18972
7639
12191
17166
8027
13272
29352
6166
15905
5424
20450
19933
16553
32062
14083
28628
13556
28945
19377
15004
11883
6779
9282
28605
6855
22886
26054
4508
24110
32619
24903
7079
31390
27041
5711
2771
18063
27827
16043
19016
30420
18230
18287
22618
32707
3641
23354
14268
4501
18461
25019
240
13328
10663
6260
10242
17763
10579
10430
19062
24657
23787
24334
6527
28049
21849
26486
13426
25717
27834
13167
1913
32459
15027
27861
652
25601
8968
6707
15517
3980
12906
22593
22291
30345
15761
19627
13690
12453
30347
13844
23929
10299
27732
15707
4868
5565
10406
27677
1234
19029
24594
27771
7442
3532
26704
30237
19034
5034
26836
3190
21728
19359
31137
29258
5100
4385
9314
30318
6029
32343
31671
32208
6796
26166
15565
28343
20638
14826
12081
24907
25821
23927
14054
14679
15481
12192
19637
3406
20907
18696
20676
32396
15083
13975
27498
26335
12899
13087
28738
32582
12707
9279
30590
25592
30102
24200
8574
6568
32437
29919
14498
30728
24954
5922
9564
7564
31512
17423
26761
20592
24169
21089
4097
28924
3368
5435
22892
24839
20832
8138
30552
1210
19236
27687
11401
16534
1665
27002
12688
6328
11697
13669
6304
21852
11153
1184
9116
20641
21078
32480
16500
20876
23163
4606
8114
6222
19965
85
6480
32714
13259
11884
21453
22610
3960
29653
24960
24497
2356
29524
18475
31343
20986
15940
9939
4688
6155
18231
28111
15902
8090
26589
23840
5800
21449
32295
15616
23819
25556
25771
1213
22064
16524
19019
25544
32662
3592
11537
24841
338
23959
31838
1142
340
17400
9796
16100
15339
8142
5168
1053
1420
9294
23244
19250
6607
31803
8483
26899
23482
6420
775
31068
27458
652
29359
18802
13327
14906
23973
31183
22912
1938
6368
18842
9199
16404
22572
16507
21302
24515
13523
10925
31345
1497
1910
6997
18694
10681
6460
26898
25827
7205
28719
22741
14855
10417
15074
27379
25412
27511
8023
32376
4163
12045
28961
16063
3272
26292
4806
3903
19767
6354
1639
27048
9304
19875
29091
25135
1623
22059
6328
17957
32015
32623
5355
2255
12679
1508
18987
29298
11965
23848
24561
17837
16803
8176
16746
20235
6760
15426
26840
4825
4856
12260
31286
3381
16070
26900
28954
14440
10185
8057
26080
19830
23748
14682
11781
29427
13515
4366
23505
19991
27651
11955
24889
10773
32169
18979
23043
10665
24406
10532
16683
14064
385
11743
5510
9597
14661
10644
12709
15017
30564
18315
23292
4138
28813
9294
19523
1256
6874
25877
16157
12300
9373
25474
14584
2649
18524
16782
7988
16831
8730
31172
22151
27437
27096
16301
29088
1704
14172
17547
13066
2458
13105
13385
26196
25452
22767
32435
21615
12374
11965
16611
22359
3702
5651
25339
20725
18720
6597
15898
2373
20086
23869
24200
14260
9016
4359
13876
15308
18653
4244
21345
18706
18914
3383
28572
2607
24674
27252
27377
32591
27367
12154
1886
7111
9088
12782
30856
26362
19731
24042
7085
9341
19189
16198
27610
18297
22200
12310
1630
13649
18500
20595
21374
7045
9257
11135
10090
23767
25652
11683
28528
22956
11841
20507
16240
6068
27983
7605
21392
3277
218
29909
23088
4389
30309
10941
6689
15519
342
29707
18705
13177
9478
13955
9802
9771
17689
10255
11677
2194
4107
24324
30360
17485
30732
14247
5120
27240
11790
13040
1915
10295
21276
12942
7564
901
21485
13866
17860
8687
8889
32240
15159
8074
17227
13900
4398
14540
23896
4337
30747
19369
18703
28448
20178
29692
18929
295
21493
18217
27619
32552
2992
29440
13953
24347
11687
17381
10934
11286
12077
22062
16009
25292
15799
30413
19258
30549
15760
30511
8590
26669
8398
30820
14439
638
10884
29055
10647
15266
29241
30016
28918
17379
15257
31472
8627
13958
30315
11917
1511
2825
31427
3111
23664
11176
21881
19082
10492
21798
14553
22813
19044
9161
26012
29962
19260
29095
8216
6559
8360
27168
1459
20469
19312
30380
22173
8655
3927
26839
1983
13252
13481
1417
12526
19105
2068
21899
11109
16393
3256
24391
29810
10846
5249
11727
10351
15333
12981
18721
10740
7460
15561
938
18763
18063
19833
16648
36
7524
32280
6676
5514
22484
18980
544
15894
27747
20765
20861
3171
4241
27287
22849
17857
2746
16527
25670
28462
23355
25595
18806
9858
214
4004
29510
7145
23640
3384
129
16278
30584
28827
25159
30646
13059
7551
6997
29347
8246
19252
1159
26971
2411
31425
15002
26160
28153
4915
6455
25537
30037
6197
26413
22568
7549
12001
6143
117
10390
25814
18078
92
3539
28043
19831
10794
29082
18915
8112
765
26850
3585
18351
22325
3040
14685
11997
29478
7138
21783
4777
21519
16507
19596
19151
25936
8160
13352
17626
7639
22162
29307
22759
4572
4669
32654
23469
19662
21472
11895
4538
1933
7471
13611
26623
3801
3382
26260
5519
28171
12350
21219
2724
12802
1780
16936
20707
22625
2248
15647
16609
16120
9620
6221
12517
10111
2686
13644
240
9098
11807
28260
10234
31929
26597
24667
9855
27951
5813
1677
570
15430
6869
23871
12081
4993
9994
32304
2545
8131
11517
27505
18203
21182
26851
31863
31775
22701
20573
8559
9544
5702
26781
28881
19705
17130
18379
13112
14390
29472
17831
24945
15461
10049
8047
18641
8790
12917
4867
18892
14978
3549
13639
25796
1680
27666
1993
2335
7198
8399
4516
23196
9405
12522
32676
24807
7997
7817
4010
21867
17964
17810
19282
871
16281
23651
21972
28228
31261
27844
20776
12838
23325
22809
7790
21185
8777
16861
32140
27758
9832
24395
20505
31613
20312
9054
890
11725
29008
14332
26186
29339
28009
11630
27904
15512
15197
27924
10699
10814
16526
17495
31681
2147
6218
7134
14649
25359
12621
12037
22901
6283
25735
22411
24965
8890
26912
16778
6247
2732
18874
7085
18035
14961
16118
6045
1015
8491
4921
20156
23326
23911
29616
24342
16662
25006
21137
21653
10865
18262
16036
12916
16076
17310
21507
12533
28591
29435
10782
855
30389
28332
25345
14850
32493
24724
16346
5382
32127
2377
24245
23235
32147
27753
1419
1769
25454
5933
7803
26020
27358
13632
18775
28432
25817
26577
9826
30451
30817
4839
15960
1195
27306
5364
11183
26469
12927
7342
26909
23184
23266
4378
26970
20114
30963
16361
23591
10681
14611
17928
17551
5492
18248
26227
17517
11203
5859
17226
16686
6380
19809
11558
17880
1392
21648
31917
17995
23613
22515
10852
10184
16677
12646
6341
12975
19343
2309
17554
20877
22892
11339
20328
16725
3693
24695
6295
5870
21363
13364
22577
15854
27208
5240
28769
21670
27020
10413
26878
2398
13554
14863
18784
23777
17836
10837
17523
28221
22307
15763
27401
13252
19436
15199
22645
17750
24311
11059
3413
7139
29962
12306
27823
27179
8814
18286
3904
29384
14569
28490
24848
32623
29164
30620
15690
23923
2316
757
31819
906
23222
31331
10233
17620
23327
30871
19030
13593
31099
28739
2645
8787
17263
4550
2796
18284
23752
13323
16490
7240
8045
17582
12299
26374
30610
865
19913
29315
20527
3215
27766
3616
9137
30527
29704
15046
1263
2618
21044
10535
13407
19568
22846
27974
5514
29848
271
2873
6333
31767
16008
16685
27906
22819
25878
12972
3662
9256
18054
22811
1020
11370
1307
23943
25466
16365
19422
16289
27459
10898
24886
28166
18957
12418
18360
13252
26179
1999
24896
7962
14773
5465
18497
17792
5519
28911
21337
2279
25223
29879
30505
16962
12635
23504
31331
30021
12155
13365
12324
29037
21506
10213
11397
1088
22763
24897
10093
8406
21634
3765
425
8344
1816
18842
8254
328
12539
25691
4605
17474
1190
25559
13145
21249
2356
10247
17526
3300
283
2017
9602
25138
10518
25724
11592
8285
25443
30580
19970
21379
9007
24720
31855
24890
11343
13986
3366
16525
31536
8111
31786
29506
26897
13392
21182
9311
24687
12888
8059
4076
13761
17079
13471
6137
30822
22175
8360
10979
20444
24549
5410
24276
14642
26793
12221
26249
14528
20025
22946
17240
21525
9011
12551
22641
26673
31978
12545
17252
12277
12299
2970
7651
3799
16513
27172
3273
29658
2197
1997
16476
26814
23386
23155
18895
8563
9800
15801
27148
8148
22055
21594
15792
16274
815
5053
27222
15982
10349
11722
12568
5292
27240
19709
2643
12740
12549
22200
11947
29018
6312
10206
12623
23664
32412
32669
3966
2779
11445
3211
22859
14579
26675
20469
22429
25999
26602
19315
21369
3121
30112
11456
25220
20349
16055
27593
23747
10224
6156
3844
24486
27342
14622
2563
581
15708
12915
27209
7913
18512
9015
18012
21966
16262
29223
8988
11559
4596
3501
17234
29283
21984
30540
5516
16559
17744
7743
13353
20668
24259
19805
11184
30146
32286
12352
31590
27589
489
13222
1055
23319
20667
17687
22868
13598
21235
13769
10358
20055
13481
17600
10882
22939
997
5177
21462
10401
32526
3657
13891
21957
10149
31938
18787
15111
27955
22614
3372
23127
1151
4863
15046
6928
16133
24990
30618
194
30372
18658
16044
16180
24983
29035
29738
20393
25254
1839
22341
27491
10653
10269
17983
3942
14334
9729
2245
28030
7667
8104
5248
28291
902
13636
32743
10716
21012
23569
5975
30274
4607
5433
18533
30662
20644
3062
22387
20246
8845
24310
4993
19964
5607
6403
31814
21799
10550
7395
3711
16174
6727
2173
10888
31954
8550
21310
18729
18052
27858
11195
29362
1831
28782
22680
11338
25622
23993
8360
20356
1641
22528
32341
51
2420
14547
8771
13440
12945
30901
2352
825
22048
4119
10527
11372
3531
25736
31157
4149
9231
5670
23523
2004
22775
16728
9413
21762
25643
2239
20426
7046
22570
31593
7190
6403
19156
11080
6436
3860
26411
2019
26288
5018
19546
20812
11220
15189
24055
14162
2417
21170
27013
30967
3024
6372
17725
6181
24457
12598
19470
30108
19876
16032
23266
26927
17151
23960
13091
10800
26351
28714
26237
7209
1322
28747
12262
21452
20197
15467
24028
26669
14137
4681
12782
25647
28363
11275
22910
27708
17068
13198
25541
27706
25214
32763
22808
25018
20953
20891
22377
5746
2285
32748
22544
24301
2152
19956
716
12673
25754
22741
12804
10626
3030
21666
3155
19125
19484
2929
22340
6407
23542
21169
26458
22655
27296
27326
20820
2418
31595
31923
16558
29942
4195
10880
5995
23960
26672
25916
15122
10322
21306
32188
13047
4535
25617
9060
31675
17265
32523
17725
13334
24045
3375
2376
1748
19029
22097
19986
30238
26815
18047
27273
27643
28324
8860
8206
13335
2451
28747
29387
17090
6694
5391
23623
27963
6966
28848
3127
30511
2379
30432
11160
6525
24150
3102
22010
26172
30115
10715
15647
11775
27657
3547
10948
19031
20580
30943
21695
29082
14405
16513
14154
30691
3303
14431
27039
8538
9317
13947
8389
27062
31531
14050
21673
25856
8618
25228
15216
7577
12881
32132
3852
4990
25528
72
20749
16587
2846
24691
186
18302
8981
19609
30561
11390
10876
24435
24299
17372
28590
3644
30387
12888
7161
22106
6809
10279
4946
28225
16466
14579
31814
32149
24322
29988
1076
8334
29964
10334
13242
15009
8232
24906
26477
23645
31671
9882
16589
16531
14676
32071
9080
9401
10156
9245
4765
144
7055
10362
692
24837
28487
14419
29548
27221
3112
21879
26085
17781
12904
19992
800
31921
29489
7815
1716
2963
4341
8255
16834
9734
14850
10789
18986
31419
20822
1550
10751
29900
14772
24450
9017
16544
22263
4032
23466
6158
14759
27393
1332
6597
10442
29441
22072
12267
32252
4796
26193
18948
1986
18293
17219
28182
26140
23293
21038
25866
5465
4914
20744
1622
6959
31430
3145
26329
2571
10050
7400
28422
20134
8266
17031
7237
31705
19490
11755
29078
2226
1393
20398
23416
13511
15941
32568
2825
1738
21592
3563
3182
6494
31378
6814
7285
10793
23502
14669
377
7979
23265
17166
27527
30286
5080
25159
8126
21310
642
12063
29436
8058
29231
28722
22455
28844
6838
21385
808
10550
3773
13257
28079
1805
24372
15786
12915
5322
6179
2475
4681
12542
31398
32261
7639
8134
6197
3293
19193
23200
13097
8893
31075
4733
2172
22853
10888
6168
26321
16926
28859
7813
14004
24112
22932
3085
22562
5397
22422
19769
31052
16589
28430
24109
19096
8627
10814
32311
13289
20143
6331
16808
28448
30126
24084
30179
11235
79
5044
2995
8349
28895
522
31714
11461
2952
29927
23047
28772
8133
12071
2463
31953
1561
16787
18783
703
9729
18694
2249
8570
6183
22479
15358
15214
14552
3671
8659
29673
16056
9988
12326
14882
10677
31068
6771
1401
7737
14446
9890
9984
164
28781
17443
21563
25849
1951
6461
20260
9943
18037
31395
20338
15788
11004
329
4379
8485
2932
12917
11288
20969
19517
28185
6504
23174
11515
5984
2391
23723
28914
11143
28416
32409
26290
15086
25873
19668
4857
30831
20430
25630
725
21230
24665
30629
2313
19761
23856
1916
27314
2034
21495
23368
16170
12851
6264
5436
1837
21458
13544
28999
16186
9821
12139
1163
28988
28711
18651
4370
2410
5532
6341
16828
29292
21713
10933
25212
15551
24416
180
26820
21850
18034
7950
24638
3986
27933
1369
4029
1595
29937
14514
27251
6160
22733
17226
8548
853
10743
19746
26906
25786
9068
12818
18331
7555
1909
14608
32408
25830
31611
20655
26087
2228
22044
29926
18996
8508
4991
8723
9203
15469
25572
31039
15000
17466
2175
31140
2059
9283
29318
29548
28758
29361
22665
6076
8609
8289
13826
18929
12385
29766
26925
5674
17356
22024
25369
28934
26256
11249
7679
9391
20420
20490
19924
3863
14367
24705
32538
5505
3944
28494
6139
28996
9773
21782
28568
14795
8120
11088
28575
20449
16447
12710
29723
3627
27483
8862
23953
25334
26299
15225
2376
14132
13594
31580
9192
18112
7534
23981
2631
19946
12899
5056
11391
12335
28167
435
10052
31816
13767
662
1908
29031
23194
14287
27632
27069
27004
26557
31147
20031
24606
12188
22016
30634
6620
3241
6985
8388
2287
134
31661
19941
4068
21727
1593
19895
3916
16974
16946
14138
31670
32380
5290
2315
4058
30090
9298
19941
28439
12975
12175
27240
19488
15394
2256
30745
26610
26170
11550
20907
32009
25043
10485
13437
27347
2549
16210
7011
13669
13488
1805
13993
11629
2890
29289
9557
21607
11677
29930
21421
20756
9402
15206
8953
2088
26834
10847
16010
11587
32343
5776
16891
24611
28254
27590
5303
10776
7752
13809
7867
28600
19105
16507
15006
10963
10568
16344
2254
170
30416
14687
2076
2139
29479
7512
6011
21920
4469
18262
17668
7097
24391
22727
3646
31911
26349
8649
30109
22683
4384
3135
4424
12718
18921
15652
30495
30674
27838
24608
10749
20745
15341
20825
27706
12757
26430
6540
7029
23023
26067
28764
31120
2363
10068
14570
1787
252
24649
11429
21046
9541
30151
10340
24721
21168
19535
20402
5175
15441
32243
31336
13162
26093
15290
8322
29968
3688
24134
14379
13935
7805
27060
14874
15925
28594
2244
16417
12475
32650
17210
29187
6538
25340
29572
13447
11807
3620
16284
20170
11755
17465
6448
31193
926
17343
2305
3711
2981
765
18825
17756
9201
4274
29920
15671
26875
27908
18912
15254
17413
28345
19592
23435
11938
2217
17822
7888
20344
883
26008
5398
21573
32624
3773
3483
11552
21221
2696
1787
3330
6269
11853
20808
21380
502
13086
5724
17386
17178
17648
15470
11617
10481
3322
22244
26757
12597
15198
6504
20006
13830
21515
318
2892
479
17122
10453
30328
24521
31512
31132
18989
31694
9691
12310
26799
10161
9272
26161
3339
22492
26684
6100
3415
27802
26969
21943
4667
7046
14348
6775
26545
3396
29885
30186
19208
878
11751
688
23087
6865
27000
23050
2096
32218
23931
31215
15099
6987
7156
20829
30309
13618
13835
26350
14448
23580
6765
19883
27341
10886
13040
23588
3487
21652
1398
22977
32642
24582
23571
5715
1740
6247
14450
8174
19
4999
5748
2811
21999
23084
16923
137
9728
2309
17575
1764
14131
32223
11518
14441
9538
25883
14161
23704
25978
15200
6141
5995
2241
6029
28079
8934
24279
20722
7884
18160
24284
21951
9744
865
30995
17852
4725
8284
13797
9531
15958
6367
17961
15436
468
5016
26786
30255
25721
24059
18633
21775
4635
7569
15053
19949
5891
11155
30937
8410
10063
20151
17813
361
30101
18250
6127
9060
23753
24959
13339
32702
24929
519
21976
26057
19894
24801
20470
11433
28078
26228
17685
6409
11672
24283
23983
19212
8279
30592
8025
18566
12483
15084
18757
30573
588
32477
23052
7306
17633
30873
8874
12916
16
27523
2762
11455
6510
9708
27205
31601
6713
16427
7141
25269
30780
20976
11630
31444
26099
4565
20703
27744
28144
4918
29429
15539
23933
5699
6897
16024
17027
7763
30619
31559
170
17020
15751
10135
16834
27744
14999
31087
17762
31049
17089
29053
21454
29049
23058
27947
22558
18875
16371
5327
26013
25406
16300
31266
11376
15779
27174
31476
8568
3925
7413
15390
23929
14361
31381
20663
30587
16870
14324
24971
24176
25590
25393
26824
30232
15389
1956
22011
31522
12890
21278
11835
29332
15020
8306
31908
10348
26918
2868
9992
391
3142
28864
31456
9411
16771
638
1673
16225
14373
19813
4781
26797
5721
23230
20479
26848
13445
20011
3371
26437
8921
9447
2316
17307
11559
31311
13600
7867
20724
30114
31802
22138
22991
17669
24951
30929
6113
18890
2931
29243
25798
23025
4029
31583
27291
15087
4744
2543
24920
14767
3747
18640
13920
983
22955
23419
21079
9804
14463
28835
28980
21752
6132
26648
16535
24523
15818
4075
14428
30975
1503
15571
24944
12449
32675
16847
32483
18765
32716
2829
19775
19001
31307
24587
19481
29300
14462
4348
17893
29040
16295
4973
2575
2239
31645
21032
3399
31514
449
13400
25628
27815
52
8175
19404
6268
11591
31557
13658
32607
19251
29185
1762
29647
5131
317
1834
10057
8686
3813
10105
7364
10113
4192
8108
9342
3228
1139
4230
17658
17220
17506
8264
13641
26842
28760
17793
19594
1937
31496
13352
2733
3110
6293
8424
7804
17355
5295
20155
3291
30308
21504
6842
23886
28917
1222
31284
28605
5211
17089
7933
24436
15419
12879
13832
5998
4665
22230
29752
31699
8554
10338
25972
19647
15883
11407
12794
9797
5491
5802
19957
16820
31302
13075
18257
23576
16620
8677
9678
26116
16449
9433
4435
24719
19086
1128
12934
2973
12985
20528
409
18784
12728
32409
30566
23326
16459
12216
21695
23348
14571
6004
29695
6235
22013
21223
22757
13866
24652
11527
29347
14044
8630
5765
17457
21076
28710
21749
26343
15966
25794
11568
6987
19512
4965
3318
23592
32593
22095
30680
10208
336
539
15189
29698
5976
5618
11844
32543
31882
15359
32626
29914
17868
11810
22411
6207
13001
21225
21054
26710
4153
9916
4764
29431
3939
17751
30401
18911
14048
10110
11959
19972
20641
26859
14999
17702
31028
10892
5105
28071
13378
25835
1646
1180
10845
16110
31668
29220
29688
15552
16010
4089
5559
23311
31037
15940
4586
27256
29506
15030
13140
16191
21020
28116
30000
2372
24961
8850
11382
26674
9912
23588
22106
4090
17221
15889
12309
4480
27336
14985
31721
7059
28707
31480
5983
18467
11739
14043
18132
18862
19905
27859
23091
3324
13265
12791
3844
8972
4186
2927
21414
1870
23903
1599
20440
5651
19261
352
22143
18241
24719
24085
9379
331
20815
2684
4538
6240
20798
6755
5417
19939
25989
25182
17672
25628
31132
18710
12837
6701
15211
17124
17740
9287
687
11167
454
29725
18336
29362
20768
26009
27857
19825
15406
9166
24663
25517
13646
23087
22573
10885
22513
1534
11735
24960
16728
31751
7494
26073
26268
30349
27388
20506
3057
16261
13680
4076
16683
19202
30132
31278
1922
22001
29525
32068
1170
23814
12163
28594
26278
32758
2929
11497
24117
9447
11775
29792
20653
28708
27799
16103
10352
25622
15188
32313
26140
15728
26730
31440
22288
24489
9922
17405
5420
26031
11236
26167
13271
10970
25882
23476
15943
24606
2002
27446
27389
390
325
26920
10382
16349
2390
3817
26537
12974
23741
23656
18006
26224
25188
14321
124
6906
16401
16454
18854
17981
8774
1266
29702
12081
15206
6362
2235
13584
15896
13077
13647
5827
22256
20989
12932
20121
26957
5254
2128
22079
4989
15823
21286
26349
15912
5879
28279
2525
15083
9010
10361
3329
13891
23068
25383
12277
173
23629
18057
7475
29451
22061
26677
902
29258
1289
3094
25537
22082
4711
25196
26288
14301
14743
26388
20303
27260
27531
17930
23866
9366
25833
26924
13157
7074
27229
4928
5901
5944
7988
11321
6894
16243
10791
8886
2743
10905
7284
1740
10939
28158
20276
16901
8169
13861
10984
4264
5118
10793
3413
8251
27129
7771
16786
30535
5839
23085
15967
2651
29281
30031
7864
8787
5291
4119
2218
30682
4926
27430
30310
10286
13040
8777
5524
26404
25042
3741
12521
4715
3426
5111
22524
2580
10498
23938
14677
29266
30889
19882
25287
17023
29657
9529
23553
17760
21713
9664
20319
28330
10243
13113
13574
10693
28616
14570
13359
1487
12371
21901
11971
25316
30691
4781
11049
1181
14141
11091
4187
11734
32346
9698
26688
10677
29021
17728
7222
26088
2504
5430
24557
557
30702
5658
15996
31000
14508
19371
32174
17937
13140
13116
19357
11420
29674
25877
27267
1245
21907
25878
20172
12635
12618
26269
25456
8708
25813
1962
26751
2161
17911
18241
8190
8556
21992
15120
15601
14255
18690
18514
18617
17391
14013
25587
29344
19993
1501
7669
32179
29660
26858
31762
16592
14439
32481
26531
27903
372
27689
12992
3589
25989
32712
30889
31031
12141
14551
23908
7821
15123
16435
28840
28663
3955
10870
14330
21236
23013
5670
9238
20576
11938
31276
30096
30349
12932
14471
21691
8598
4621
18753
8394
7664
27051
4514
14901
22850
826
15269
19551
5495
3275
8616
23157
21009
11428
8807
5017
24512
5768
28971
12864
21043
1592
13887
27352
17454
17209
5028
11695
8669
4568
25093
16400
28008
13676
14829
28847
12743
26587
7480
27462
6104
27231
21704
28545
20910
5002
22137
28440
20524
32392
18262
22330
30419
16293
28173
2354
16857
16910
10656
17989
4731
13020
16478
4825
5524
7502
6930
21725
30829
7254
16506
12644
24535
17752
9466
28051
21879
12334
8850
22206
8034
16495
11534
30158
13802
5105
5756
4582
19383
14988
30691
17990
7193
6945
4658
12143
29596
10715
15223
29575
9949
21429
11345
10752
27549
17213
16808
26229
18452
25239
1691
27348
3207
16068
6842
17602
2845
12325
18550
23099
495
27706
24533
10617
27486
25776
10603
16408
10409
6043
1413
11639
15039
13568
2983
29793
32081
15766
15929
16365
6188
32461
9853
24482
6854
4112
27844
20191
30230
13639
16610
19322
18601
19105
9951
16296
12531
7568
31727
797
6627
22293
18340
14196
13754
23357
11619
17360
6940
16876
4629
13252
14439
19673
18974
32112
4421
32474
25491
29421
31357
14434
24743
25324
18447
32071
30311
11417
8575
18377
9128
19142
28785
3281
13373
6725
7542
21878
1133
24469
3878
4549
6308
20418
8047
2242
23912
8326
31532
2474
9103
25524
8185
17019
11439
12758
27718
24502
23511
26645
30123
22884
24188
32090
6523
4439
25014
12979
31644
9906
10157
8952
26518
8876
4429
30126
18409
25232
28738
14635
10148
25352
13600
10235
29235
20636
19937
23939
25977
374
18581
15844
27167
15464
3669
5411
17963
28976
19065
12678
24020
17914
21003
32065
30356
7718
8059
23377
12416
32332
13971
19369
10709
29053
1198
6796
211
21452
4389
7994
10190
9741
4619
19918
16258
20189
14618
8295
27559
27875
19692
7046
21957
7765
25199
29111
21066
25021
19091
2676
23514
29693
2117
28742
22758
20368
25249
27181
24448
12564
26467
17474
27501
17669
29087
2971
14972
25292
2227
16751
17175
30968
11129
18810
31000
3787
23489
6051
21726
32504
32254
24797
20639
20395
24895
21323
20479
19402
865
6567
9698
16762
25987
11748
11391
2534
1211
16146
9143
15932
19207
11907
18852
15863
3207
26668
24948
27236
25833
6733
7288
15199
2340
4181
6520
4446
24937
13568
28234
26802
32598
32706
28578
21001
17518
20840
11052
21558
19654
1021
18392
6965
29184
12778
16502
6249
31357
30818
11394
30761
18639
14589
2881
4219
8045
7843
17677
11551
19627
27052
22252
23760
21225
18245
23656
9158
24842
14358
27547
14207
12072
18978
30602
10175
4997
10734
11444
6358
25541
20197
31722
29473
30299
18171
18272
11219
22594
26001
26117
2805
2797
22936
28944
4780
24192
28410
4059
27579
15424
32565
13813
31560
30024
21833
1907
1507
27007
2261
22406
964
6854
5245
30035
2644
118
11150
15102
28400
12041
4837
4872
1769
10263
269
26588
10447
26245
18855
12708
21231
31481
22543
5729
6938
19600
15676
20539
19368
20948
21736
19989
20925
21992
17905
16997
24779
7686
25088
5187
28504
812
10344
26304
28930
21521
28753
10872
29120
4958
32277
28011
30314
26139
2026
23816
18044
18023
28098
11915
791
20077
10351
24969
12104
12179
13323
4297
3469
10740
31127
17750
30357
6161
31714
32722
3400
25283
19372
27661
29703
29045
1804
29399
26421
27279
26639
7698
24822
22581
9890
779
10806
1330
12722
9994
31982
9775
913
4647
7074
9001
5532
1120
559
5410
14107
233
5059
19478
19304
9155
27181
28976
13140
30096
10839
6462
26054
12710
528
23395
31653
12898
13071
16395
13048
30654
20277
7204
11596
31782
2579
11404
27990
19336
17324
1477
22490
4267
12412
11248
15308
3265
17081
26361
9652
11583
14552
9999
599
13292
30035
3415
21651
9528
938
27873
651
28880
28328
22491
32260
2159
19431
3332
19471
22775
8342
22884
12265
22976
890
16955
32031
9776
8243
2871
21749
21900
32705
27881
21257
1293
14918
3962
27956
18487
30221
7578
2737
29542
22476
954
5761
29866
18470
12155
4365
11988
12916
25446
25870
2769
8389
29405
938
13111
22819
31313
3039
11806
24601
26550
293
18737
1138
26420
21839
3077
22594
2080
18867
9385
15147
11818
27530
638
23001
8920
12186
4936
18127
23347
28946
22150
4198
17856
22453
15103
30738
13489
26938
31390
12008
14429
18931
26751
15197
32238
28846
25930
27729
1625
20953
28096
32076
18836
17897
30611
20487
6659
12028
4219
24366
23603
8636
29574
20068
26314
5511
2224
15240
7870
24526
691
13622
9158
32443
3872
31377
8462
30487
19631
26688
5679
18794
31699
14007
11358
16996
7570
28088
27619
10875
29844
12569
26062
6358
7290
19143
9701
28010
11121
5643
224
13923
4614
12300
4825
1221
11580
4502
510
29779
16091
30233
22921
27312
16396
13301
4338
20932
16931
27124
4962
20833
20924
9752
23404
19494
4105
27032
30456
9124
30314
11813
1919
1984
30782
20593
4734
21848
30458
1010
13860
18474
15480
13284
5710
1009
28561
30093
5558
14544
14061
28612
12135
26356
32282
23476
1141
1398
4316
734
29162
4222
196
24157
17155
17070
2308
15214
21405
32190
25730
2351
14058
9827
18987
13223
13928
30582
906
12295
15636
4178
20889
7727
731
17022
5079
9076
3153
25228
26010
25249
21157
8256
9639
13627
10197
10741
7168
2570
11038
7997
12797
3284
25015
5832
28830
31596
18366
15239
14624
19436
28019
17680
27598
2110
29860
20293
28954
737
616
21808
22764
18665
30992
21298
1082
30024
3675
21597
3289
18765
4585
28446
24467
11882
30706
29983
15481
1338
31800
23147
4474
26050
28986
6100
25397
13560
4011
3218
14348
13185
23074
9004
14714
27071
26899
15772
32678
5387
13054
11438
15160
31295
9446
13993
12651
16760
7941
28977
15971
16154
10686
29292
20930
19988
30419
7524
6518
8037
728
3500
20180
8927
27368
26183
23019
27946
19094
1989
16146
16141
13862
29103
2756
4585
9470
21285
12206
19846
24663
3782
2821
2834
19000
13776
797
2407
4261
16008
29752
13965
8468
31197
24476
29312
28704
3144
4328
28467
27009
28150
11687
20948
7228
13865
25382
31058
30487
13788
9859
3613
10576
9638
15111
16173
31630
27360
29365
20549
13592
14346
23843
23929
24901
3179
22665
30702
2356
22264
14616
32737
13756
16503
31373
24554
19878
24804
12293
3458
9242
25620
9747
29380
19288
24984
27408
9584
32681
27620
12722
3893
16020
6833
16864
27440
24148
5279
27589
15536
14730
23583
12580
9020
17200
25488
6379
12247
5838
11432
24842
8066
22768
30486
645
7939
31703
16997
15304
31717
15471
10020
5436
26304
27521
19268
5143
10938
22314
30145
3960
32334
26764
1413
23475
20812
18883
20361
16361
15393
10266
10301
27101
29785
26239
7210
21506
27234
21557
7125
20953
29843
15305
7911
13945
11116
24135
652
18799
23328
11949
10009
32201
11856
24992
4337
8046
30234
9566
4265
27313
13138
5620
13930
16933
17679
16817
5271
30386
24682
20954
5552
21992
13698
11167
26999
29332
26052
7502
19793
23441
12137
27591
13294
13537
29247
21552
4140
26364
29101
21994
18233
22632
30705
22723
3576
25994
16045
877
13735
2748
16546
22063
11198
29856
22715
24026
12570
27315
21069
4863
3162
18469
20125
14687
15242
30440
9123
21411
26879
8455
6157
32589
10113
3129
8327
19695
14768
21430
570
26778
26784
29769
32402
9882
11719
24230
27717
18528
13337
1023
24977
3520
29809
4306
21445
26205
28979
18949
20482
22369
21807
16436
12611
26993
31177
19786
30619
13024
6231
4174
9406
21026
10955
23424
16835
27780
16274
18597
29224
1307
17596
26527
14359
16378
3676
15168
19943
26024
7218
30816
14566
15058
25223
15149
31062
60
6745
9923
31669
12029
23736
8957
12098
17644
3440
11402
26044
13654
22760
27459
24685
20978
18762
699
11879
16406
14052
20760
16398
20010
6095
4130
21462
15710
29390
3226
8270
21400
31096
26573
24414
18864
3482
5993
7884
27104
13783
6030
31237
29302
17809
808
8475
4300
15373
1661
20746
2170
7889
24578
8511
23242
21329
25459
19035
621
15307
13090
18996
5996
7024
9104
2332
28513
1476
32058
25703
3558
23879
4277
16935
31054
9557
20733
4666
18323
11083
26635
24711
30608
19179
31141
23684
27248
20994
2170
31228
4455
18247
12654
3855
9120
6279
12595
4986
28790
29695
26649
25880
8678
20746
20519
13737
836
27644
6506
1491
8238
14669
24717
20838
20415
5114
13226
20708
4
11048
22880
29761
21940
29450
3622
31463
29723
7430
11230
19709
344
23315
28590
31209
15048
29286
21003
19
11714
24909
9494
16876
26757
7259
27948
19504
14190
9925
10168
20840
17007
2572
29772
32434
7868
28892
21489
3524
10439
26933
29371
14383
14959
4552
12192
28641
4468
13988
22153
238
31279
8465
16554
144
4736
7868
20239
11628
14599
1045
29560
9494
31895
11766
15207
4824
8167
18053
4471
15279
1419
20827
10479
2967
6179
17126
18327
2056
723
9995
25035
19393
19955
6928
15565
28612
13319
7866
2912
1442
17137
178
14482
1784
7525
27181
21721
24122
28830
19916
22881
27823
29263
15809
13733
12733
31453
27956
23357
30567
4043
24805
15350
10260
29302
4882
28200
12690
1794
3739
27460
6490
10132
17764
7341
9750
14273
9723
10953
16992
3143
13435
16983
31949
31483
10928
17411
18730
9987
25467
4663
26373
23877
5496
28981
4464
5407
8415
11619
23553
26969
29864
31717
24861
7512
20211
18801
9590
660
23718
27487
21715
21068
31832
26368
15376
20344
10350
17201
9317
17663
19587
6192
29675
13354
2574
20910
14171
18264
12350
22309
31001
23796
27433
3691
2418
16037
28198
27784
7202
22724
7543
2245
24346
1555
31532
26117
28288
17324
23363
26200
18934
24887
8980
7374
12063
352
6125
29065
32095
32393
249
19478
1763
1979
8294
14334
29410
2531
18374
14231
5410
14651
2998
14624
24253
20230
23230
25101
19493
20352
31609
9376
29798
27669
13814
21433
7595
21969
11357
10479
31492
5144
9942
28895
30566
13207
22182
20932
12788
24954
21659
24649
3964
18143
24235
30363
1349
14475
6360
449
264
3804
21847
14640
4668
14847
10224
29850
14486
26211
18600
5128
31697
17774
2462
11816
12459
20078
25651
30952
3888
3026
24941
8259
32314
18586
24990
32603
14393
12812
1856
28617
11568
16809
18724
9009
17920
863
28620
15129
27881
3072
533
4859
32590
13299
25880
28824
3256
27178
13139
3728
1822
13139
3844
13616
18532
10579
29654
21899
4385
3824
19391
23244
25765
19405
19241
9674
26171
25756
22608
26333
7083
17295
491
18929
14595
25871
18702
10456
22935
15537
16975
14309
19015
26214
21032
24758
18688
30706
2204
16209
23942
1695
24605
30067
12144
13618
25518
18468
32116
24094
69
15247
6628
11768
1395
8465
4217
16939
6470
19344
22864
8173
9071
24078
15666
6001
29600
26749
20248
26462
10040
18133
7918
13441
4642
30309
2456
10686
12026
21862
18995
21581
23154
214
12445
4131
24053
17540
8503
6317
3466
20839
16873
4548
31994
11827
30823
7390
4149
5678
7603
20097
27378
14912
2788
6142
918
6218
25381
31067
23895
23737
16128
3985
11681
603
7389
21240
28856
9329
15045
6655
12704
14085
15724
13344
2362
6526
18543
12563
6319
14193
27610
10306
785
11194
2797
5246
10816
6604
8224
6128
13067
12613
612
15442
5272
4038
4012
863
14086
29953
24748
23431
25936
32019
27104
19688
5749
21781
11729
29306
20950
7661
25748
5001
13023
29034
15507
29033
20457
15761
6288
7525
2143
27185
28390
27384
32288
31934
11794
21056
15909
11867
19059
22191
23652
10297
22862
17924
1780
23072
23829
25465
21617
8011
9961
21310
20898
9593
29021
23079
4697
19009
6269
17826
18843
25254
4879
4075
11521
8427
4376
5251
10078
3241
25506
26846
7842
16670
4541
11611
20735
26056
16068
27258
3402
5426
17889
20042
19107
9743
11987
24096
25432
2693
24559
28814
30471
14795
12645
915
14339
22518
17861
17168
10233
4112
19394
21371
2004
21611
3381
13527
32477
31028
28517
20964
15655
23883
18565
3987
7466
5458
11902
28860
2222
19717
8943
8723
9451
21193
16498
601
2542
391
19746
31439
2366
31930
22106
15344
18368
29383
14783
12895
11992
22926
16256
18463
30929
22846
10716
17922
23679
22893
24037
26980
7202
25704
2436
536
31630
21703
27326
11427
24969
325
7221
31912
10357
23247
2802
11172
25135
12507
31073
8156
4918
4091
13213
24467
10512
28338
22766
17535
12265
7302
24209
894
2942
10070
12215
23686
14137
10990
3791
1754
20893
16089
7176
11652
30437
30326
9490
4095
12008
10063
8741
6964
29248
27045
1093
3752
2731
1872
14532
499
21169
19654
1544
24180
6280
28793
9615
8515
10292
1126
16175
31079
16626
9706
10659
5705
31191
24536
5187
14953
22965
29386
32275
26192
9790
30644
7679
12230
11884
4287
8293
6468
5152
7252
24020
32172
22793
7798
28436
25656
12999
21590
16998
20656
27216
9761
5644
25569
19091
27421
31756
24650
25180
13300
19250
26392
7544
3920
8532
341
31001
31911
23257
18780
22396
345
9084
18576
14024
5112
1102
23885
20282
20966
4858
15647
23679
13094
9805
26418
5729
12396
13302
6922
7334
3958
15242
10100
23093
18847
25291
9661
9083
16562
10025
29985
5133
13820
18569
2694
28559
14245
20806
26731
2516
30784
24437
21275
31302
17568
4974
5414
7817
3053
18312
26641
12379
11768
29987
21837
29375
972
27372
9062
14938
22150
14428
9085
21789
14438
29314
29432
5412
29733
13827
1400
734
1673
2655
2827
31343
22072
2677
1700
14418
7626
30282
10440
6467
15393
4614
17033
4444
24317
30271
25784
7806
15307
13690
32599
14834
19134
31471
5453
3408
14369
1677
22621
28320
32748
10814
16729
26560
26517
11372
30867
19718
18984
13252
8853
10021
27290
8250
25874
29781
16475
30029
14364
1198
29226
14732
22422
30165
29485
28505
26861
4571
30273
2797
10499
5474
11151
2460
13932
8450
31840
3674
19421
23019
14642
10111
32481
32203
28170
8647
22222
28146
20749
3229
20472
30132
32586
21401
7972
20494
31707
4423
18752
12429
9516
32554
25425
21356
5274
9984
3756
22780
7232
14664
1385
28745
22285
11522
19221
5371
32538
3254
21927
25722
32315
5303
17077
20054
27861
1705
27880
9189
29423
22081
30126
19246
16267
4940
5934
6405
2614
13555
21121
5752
21214
10813
19999
13674
21476
21461
30871
14462
23154
19214
17284
21047
30991
6692
2748
16221
18544
18885
31690
24738
10897
26575
4511
6021
17413
27484
30852
27255
8075
6652
28243
13372
12257
21057
29415
25237
9181
24449
23761
2076
16569
15063
9804
17775
13999
23915
1652
19856
9157
2035
10930
2444
14571
9082
9339
8027
13635
8032
24378
24584
11200
28835
12938
24850
18162
5724
25769
17681
32544
18317
12585
30620
30360
11801
10217
24683
28739
21268
30788
20921
5244
8253
31880
13804
30754
6857
6570
16504
6636
15203
18232
9729
18941
1904
21390
8128
12217
20375
14413
15911
25046
14209
4873
20168
17590
27357
5698
22899
8948
9128
1686
30878
13373
26027
6196
4362
1633
4933
16532
11428
31913
16234
20582
31914
22892
24812
27080
18190
1501
19193
9915
17183
3111
3814
984
10598
30652
11050
25407
31438
4073
11182
15313
17161
8367
8004
18591
23086
17870
1652
19617
27047
27682
8063
16044
14410
32050
13214
29086
454
26887
18827
3292
23873
570
24898
26878
30527
24657
7433
9416
8902
15436
31662
1628
1472
31610
2064
31919
25760
23697
8672
21818
20808
31486
17321
31218
16682
7290
27150
19321
20142
31966
84
27542
10708
3128
30240
3043
31771
21278
25217
5317
17313
28994
22576
14497
27019
27207
20247
18253
6055
13523
18193
21957
4432
16358
2033
3616
5011
25194
8901
15298
144
26891
6236
26578
23074
13896
18693
6639
20418
10442
4506
4382
25512
15349
14781
2311
27444
5822
5986
24418
28301
31932
2958
11692
11144
21889
15453
11038
16331
15914
12362
27359
15922
22837
11947
19065
13169
20627
2427
9354
24059
15870
13404
7100
7459
28045
19676
4598
23425
11910
30712
8148
30872
9843
14559
8277
30133
23160
9464
9428
27162
25315
6437
25914
604
32005
21578
113
3850
28481
6921
8476
26255
29538
18640
23173
7770
6961
29206
20950
24380
25416
31713
1933
22801
26657
19596
21802
6562
29042
31175
29482
19146
18365
6111
6969
7128
2082
3648
6820
23093
27257
5432
26893
32071
11677
16637
5986
10644
7690
15858
11024
28459
27307
8742
14707
18240
15341
30749
22417
5398
16664
26324
12809
11810
10207
6911
24902
11629
12854
21909
19960
5690
24163
17294
14789
2537
21848
748
16443
5403
4928
30968
25610
22551
32344
24014
31856
3692
24576
8475
5876
14808
29714
3110
8535
29801
626
17677
28616
11746
14054
5969
29527
22624
11048
9621
13484
18493
22330
26787
26361
19253
23546
8112
10029
15047
23542
5601
15211
3550
22145
24846
26298
11697
14599
32197
9470
4584
6813
27794
25383
26624
21980
13437
1960
18928
29936
28373
24362
18445
9196
16428
16770
18987
7520
25251
737
3077
17710
9576
1355
14559
26009
1404
32331
27241
17055
17338
17636
3815
30601
7189
15306
31375
21184
545
11219
10290
9186
1749
8872
27935
12309
19343
10688
9285
16540
9816
27023
5271
32680
23401
3322
5813
6000
4079
30991
15816
18307
23052
11507
1965
25693
4638
24091
22615
30009
18755
9407
17518
25639
2333
19596
28476
29790
16594
7578
32714
29395
855
12701
28998
21771
31471
10591
17064
14893
13806
22126
18838
603
12483
11537
11396
28738
16693
4737
18463
2288
18157
23382
1004
9702
17717
3648
23084
28015
18943
16119
5892
9520
17961
5493
4826
4863
15103
21858
27650
24569
24834
31184
922
12750
11240
14632
16818
28256
20451
1380
25777
23949
11302
23679
24563
7496
16038
32042
3511
7151
1309
21441
14393
3288
28501
13181
15899
2862
18083
12267
22025
24315
11953
10909
13725
6277
9089
26911
8064
30174
6319
18220
7379
18103
7671
22818
26061
17013
11510
4788
15781
1159
1077
17887
17842
8950
13155
3615
3025
4925
15586
31714
22535
20828
28806
5181
32103
32040
25497
30942
12854
25061
10786
19522
13134
7190
13670
9768
14016
20884
31664
11333
29117
12254
19790
9017
13751
9392
31452
3010
26819
1239
12485
8239
23874
5443
11270
17944
19648
10846
11317
18509
31260
20892
18114
27916
16105
14675
32638
15479
2069
19150
19033
2884
1480
10909
23152
7607
4751
4910
25159
30413
5562
15778
10578
10171
25859
19673
6843
13206
26992
28367
12639
23380
2938
10284
25882
26099
10862
32278
32068
14584
8980
29258
27771
21787
10639
1387
6563
2881
31364
13209
14892
32170
10110
8006
8595
16748
657
24133
10796
13344
27966
7460
6942
23003
3735
3260
12207
22368
13475
19974
9154
23699
25860
20529
27037
4913
24791
21745
27888
26047
8156
3865
1811
12992
1751
3948
2192
16427
23862
29616
31713
796
17907
3077
1403
4042
16316
27253
1291
17849
28754
4300
23551
3121
16175
12458
32072
13038
875
12758
10846
19225
18656
29397
389
3191
28813
30652
16720
6881
12344
31554
25955
16372
13655
5657
124
27913
28465
28799
30645
6503
17473
12816
771
20664
14043
9182
5891
1466
15634
14531
7158
32055
20440
28662
5641
25911
30055
17885
8923
27764
19168
10018
28729
28174
20786
6665
4140
1408
318
4609
20021
7891
27449
8569
27095
22290
25937
32244
23126
16637
3475
2656
32703
25089
8972
23459
25896
31592
31278
27512
30777
29646
4214
28025
23019
29908
844
31356
11408
4376
28203
1571
788
1636
29697
21167
21890
28709
30681
22293
7881
32287
18615
19284
1985
864
17603
20229
17257
29042
14250
24116
115
5077
30786
2158
5122
8108
2413
7707
16818
27575
16959
18447
17625
25729
16739
15707
32524
4315
12218
2921
28645
14984
5702
9288
23044
3898
19271
10052
14676
19902
15011
6074
28303
21363
3467
30250
17413
7680
30044
28558
12185
5446
7619
5866
30220
12692
2597
23845
4990
21018
25150
15127
3377
22433
29192
16867
4241
22393
24798
1415
881
31410
25569
5553
27032
23951
28571
30933
17276
823
11490
23932
19021
12718
13567
30175
11573
18948
22800
12724
13279
28876
30891
19016
27190
6864
11204
21710
14703
20995
17361
20214
4681
18103
26667
22978
3219
272
20920
5782
8175
18105
27079
23182
22999
2261
20539
11283
13533
28217
3308
16049
30007
19928
28746
24867
11898
11646
26436
4528
22182
6338
18024
11451
2659
25654
20555
27029
26250
12512
31531
6549
6887
17390
14803
23915
6718
1701
19391
17585
2955
17051
22657
3011
24718
28198
23139
27601
13703
7444
7246
12594
24127
27036
20202
3067
17479
27029
30983
20177
31364
998
18236
4091
10732
14910
32461
24763
15242
15109
6098
3807
25544
20370
17046
9363
29421
31390
23614
6777
3813
23288
5803
28668
14913
9851
22433
7649
19582
20798
4904
5918
16266
13578
9522
19440
30340
19729
28287
25384
25027
23004
14526
7621
9243
390
9717
6344
7515
16424
12066
24900
32282
15508
30243
3765
18612
21830
28371
22418
25487
31127
9078
21542
8355
9012
6231
25499
24121
975
4783
26456
9458
15124
18121
18573
26380
10463
12644
31755
17633
12204
8281
30810
31408
31567
11901
20997
23456
8165
14025
29241
32258
9482
696
7054
31959
20812
14321
12581
29330
18912
18726
29683
4383
23188
28220
10844
31523
31237
26540
26116
17030
24082
4393
23522
12335
13456
1923
662
14606
21567
26059
27388
17504
31229
23992
1793
10030
26170
12105
21173
30999
28332
17324
5026
9808
22596
28511
8797
25321
3424
8085
29274
25426
1090
30427
19460
32285
27073
7419
27917
6917
25662
17952
771
4912
730
13628
13349
26289
11494
15783
10868
27473
9628
2057
21773
22671
30732
7801
21429
21733
24408
998
16566
26701
32548
23222
19690
30724
73
24238
25109
12174
26057
13842
16247
31482
11784
24077
17570
30311
5177
13906
24202
30407
1558
28676
19163
4067
8660
25556
9615
15264
20566
4969
29887
1664
20385
23044
9913
25963
16784
4196
13908
6320
4808
10215
27008
16455
19951
243
24097
1369
12057
148
22814
32001
2947
10598
2996
10325
24964
15286
17169
13728
9408
8420
13854
26354
6815
9739
26012
16859
23294
18916
17010
27763
18724
8680
3653
23453
6391
6837
10826
13965
13423
6067
18520
5000
5452
13815
12866
29163
26372
13928
7011
5487
1280
21280
12410
9899
10503
1045
22969
15579
24059
30456
25368
13535
2755
15965
32495
31111
10632
31773
22212
8461
32548
2808
7777
995
26327
27519
23850
12463
1596
30770
25006
24981
32124
9445
4988
22196
26562
19816
5944
14835
16367
22374
30958
28669
32142
11150
20645
31370
32266
18929
5432
20449
3614
32171
4449
19354
10126
29638
12055
7337
14101
14683
3354
21656
32414
25850
4812
31764
26551
28492
30274
20651
23106
32503
26779
4052
27501
11202
23696
29488
30949
31994
6989
16911
1095
10004
7039
7222
25304
19603
20143
25056
5493
17965
22734
23810
23757
13865
26129
4051
24013
27403
4863
19596
27228
21875
6856
31340
16969
5443
16344
11264
24705
25088
8876
27297
10374
21115
31460
23358
2076
18352
26266
8284
24902
32494
17395
7514
20592
3896
18675
32506
8942
21996
19862
11549
4517
5794
31772
2510
5128
21079
23460
8578
24391
6603
26876
12446
26050
24359
12728
8762
27332
2787
9601
27685
32366
22503
4528
27689
30193
15088
31516
10896
13313
22838
18991
9702
21894
21068
32064
3073
5780
24903
21788
1087
925
6434
12262
28431
19173
16481
1570
16051
16951
4085
15884
19780
29911
22880
18734
21494
19895
22553
16433
26525
12781
12850
28916
7792
8037
27704
4827
17165
9171
21595
5482
14526
16364
10446
15634
29947
2774
32113
586
12848
10717
9390
26338
16320
28775
8096
13716
4937
15402
22907
24541
32554
24988
12840
28171
12866
15531
7215
13718
25851
14767
20954
18867
22407
27293
26008
23079
1386
31869
12703
29785
12857
8478
27349
23212
13217
16648
23281
26123
7338
2482
1501
9670
11837
11253
15967
12700
12517
24257
28153
25113
7122
31247
5134
25378
11555
15894
16453
21710
22373
6850
3123
28279
10326
2914
22580
22545
3311
23201
20377
11707
5794
25271
30729
24980
9697
7648
20513
28624
7647
6925
16734
6411
1434
10970
26941
5852
14873
22721
32160
32430
5618
1165
20596
18123
12816
12305
13969
8634
9139
21785
21985
9163
23480
22433
7877
26352
2843
26693
29876
8398
12474
27385
18982
24340
13404
13818
13232
24076
13041
15621
13936
11632
24604
31942
21931
6014
8430
14995
9141
32334
17397
27738
23057
9060
31349
23768
15578
3458
30453
24588
19809
191
21757
11244
4120
15581
11807
10582
27055
30168
52
20809
22396
15035
18664
27221
1824
16055
31353
14928
4456
14454
11707
75
23665
19373
13664
19140
26896
12529
30326
32286
3952
4043
10801
8014
28413
16142
27883
14038
5505
24424
15977
24567
8589
1080
22368
22562
25627
24223
30775
8881
17777
7898
5391
5332
29001
32719
769
24014
3630
12517
2726
24417
1065
4633
989
27270
5789
30287
24264
13410
21872
24549
15896
6006
10603
27534
1675
29974
32740
23902
1970
19228
22938
1057
8696
20957
16608
26353
3552
13916
27390
28936
10382
17598
2260
4050
27017
5886
2752
30534
26047
7138
23490
119
970
2606
22494
22118
17777
5143
450
25883
19058
28410
15273
16116
28799
846
1919
27708
13446
22744
4678
22783
14645
4893
3768
21789
5822
4637
9006
23198
22487
2878
28352
3653
18437
11911
27054
11880
30491
11278
9471
25599
5629
11700
11623
10746
4266
6415
5486
16088
2426
11688
27343
21621
6564
21351
6942
29219
31490
11595
2990
15613
32537
17502
26802
6776
30548
24297
28578
24891
29328
22500
14561
3121
29661
2736
17564
9180
1667
9993
20213
20972
21316
310
12129
21264
6881
12930
18254
15116
14816
7664
17418
16140
6539
11563
14304
31287
12860
22972
20100
24712
728
22143
8369
21465
8602
27992
27408
3905
18962
25890
11356
23712
3181
1000
28356
18552
502
344
16528
18431
10973
32116
8200
1394
22839
20363
24209
18091
19783
16744
16154
8694
26364
2761
21430
29985
4282
8467
24202
21202
18270
12099
14826
23069
25468
18984
3007
11350
2026
13520
18476
29988
22915
18752
18289
14551
25637
22887
29455
23804
20732
7253
20013
7982
20995
31657
23866
28207
26311
21832
12500
22839
24175
1365
6120
2443
15097
19549
15643
31314
22982
26065
13161
25252
1369
25274
13836
1509
21596
7336
8096
24145
31203
21739
23684
21975
27381
21510
23683
299
32073
7521
18356
4375
25421
2878
31390
28178
10604
26350
3488
12819
6289
20805
27537
29863
8679
3915
15267
7490
14308
3892
8845
12242
14469
14739
7913
18330
19675
25290
1242
13374
25030
28869
23795
27930
7681
2280
10836
20184
31070
23109
23574
22338
22867
22547
28138
21332
22198
30811
31740
13206
4293
19189
19998
31401
12649
31923
7714
31263
1724
6876
7559
20880
21960
10972
32345
25577
19090
27193
850
14088
10583
19145
23365
29062
9493
32547
19389
27348
32589
11091
28385
394
21767
3538
2202
11259
15640
13493
14072
30477
7072
4900
466
26440
20182
2830
3501
28716
6408
16155
30175
30152
27613
16610
4597
3208
30942
28509
10833
27471
11060
6553
24600
17349
28339
14770
19531
29939
26648
23551
6707
19469
655
1674
8451
18318
30329
13507
16569
4234
11627
15221
1605
7744
10106
10488
23277
14320
17846
30121
17136
18668
7668
6295
28521
15088
15313
21631
10103
19126
29427
20731
19611
2758
9874
21494
32353
2188
10807
12131
8515
18348
8132
14126
19658
1946
30389
21363
25846
1893
28837
751
25312
15315
20244
25012
4254
11187
3687
2080
15463
26223
21040
22031
9975
18657
26288
32336
12597
1127
31643
26198
3348
7226
31770
11824
30135
19707
10262
29884
13016
4751
21172
11287
27498
16429
27164
4695
2941
24245
11391
8829
16739
17732
11864
4517
22033
8197
5618
11392
25799
22858
12330
10500
13812
6363
17014
16482
16724
19853
15910
9529
7003
29975
14570
10761
20950
5666
20117
11242
31696
8351
20512
5502
178
10333
25586
3620
23215
11739
31582
10606
22623
26971
16750
10966
8618
19511
26335
12716
1000
11384
28524
24915
18758
20133
25680
22957
8044
16857
4102
5076
20829
16920
10067
30475
22686
5347
902
14836
2458
5130
20991
25603
24389
23234
23790
818
10752
18679
20829
27126
9661
20708
9841
2418
15203
17120
2540
15339
29044
2939
30199
4989
20461
6089
21535
268
15213
21502
20893
26493
2970
30779
18650
28453
24768
6056
25650
11649
31932
9667
24056
29992
8985
26104
443
25087
17528
31089
21192
30124
31029
32559
31728
22605
3911
31322
27788
4457
12136
29397
18110
19750
23927
1046
761
445
22554
20021
27843
2348
7079
32066
23737
811
3141
23260
21460
4960
2894
7679
23532
20438
31736
27934
20858
29612
31541
18034
31394
10762
20183
17041
3953
1369
20472
25922
5987
30388
21657
28816
16424
22937
23689
28189
4519
26597
1417
25273
9028
10751
2733
24627
13918
14163
21253
26991
23068
23298
21373
23737
31850
28887
18434
22617
3134
3710
2022
19816
4384
19696
31110
13538
23529
17970
26922
6908
13515
6975
18220
29879
10897
5699
4445
29621
26408
15625
27556
19531
11615
26551
11240
8665
25579
12217
23856
3414
20910
19195
32265
29231
28473
10075
32297
5458
29071
23134
16209
10885
29227
14625
7544
19453
22597
11411
16933
4140
26450
5602
18205
12762
5834
22323
27710
32375
5933
21654
25771
32432
10312
313
32553
3392
9397
19676
11721
20489
26273
1412
12488
18275
27089
372
26803
26548
20199
9561
5070
28993
9186
6853
31415
31299
5605
19166
20551
24382
28729
29016
18617
3470
3220
23456
11278
23618
6300
10330
26543
26414
21671
6926
25429
8252
12229
22558
7462
2819
25856
7420
20769
22171
32226
18585
12219
18863
24120
18465
26570
13523
15638
15333
1955
24344
12059
26777
31103
8414
9718
18623
7972
8426
2345
21091
20673
26553
19469
17673
17177
15635
9495
5092
6371
995
19033
16456
9073
2117
22348
14434
5777
29665
16332
3623
13233
23672
29796
6794
12358
8380
7116
24818
23406
1893
1456
18155
18131
21633
15027
29723
30419
18699
19892
28281
24031
16576
21072
18105
10017
25134
7336
26890
5218
5390
11876
26116
29482
13011
29944
18396
27945
9603
15653
18395
14293
26822
32707
30734
26453
8509
27583
13630
26782
15892
20832
29986
26332
22747
21198
17620
8211
18321
32212
2946
27910
5378
13029
25958
88
21332
32093
11000
8433
31964
16650
30818
25507
22326
24811
18740
10253
3220
17207
31833
23744
28502
22177
21578
20129
7131
31963
18305
1935
27799
32345
13617
69
29798
27479
21044
10625
29472
3613
25156
4198
30830
21122
4463
8734
10460
18095
453
21189
22831
6437
24916
11138
29688
14338
7254
1015
23913
30079
32680
27356
18792
21950
24446
486
14306
27075
5718
20718
2914
23488
28714
21583
28130
4245
21994
19088
30689
663
19753
1347
19893
14736
8215
16684
10019
1032
16815
18854
29997
21955
16945
27459
6699
28555
26579
31155
26653
13360
16307
27879
22848
20172
15121
22901
14047
3659
11451
18495
8812
6699
15048
12624
13519
25729
6281
7686
10238
32061
7357
13942
16078
10926
2052
15884
24329
27465
3991
17266
4544
17574
53
1971
24034
971
3425
24737
12558
21165
8394
6772
19110
18164
15883
7347
23845
19967
20116
22104
22962
6696
27112
13615
6645
30025
28170
11391
23593
7295
31793
3820
17778
2349
11715
16284
24177
19268
5505
32409
15894
22722
24831
21622
22198
30329
11864
24886
6494
7698
27167
4713
25446
1361
18841
1176
27209
10907
13609
5091
6580
2741
14091
24553
6108
25550
16965
18152
25621
10688
26075
7205
17313
3987
16451
7567
28869
19010
18200
27807
16418
28866
14099
3714
12355
7489
16438
14202
6003
13228
16970
25986
25553
29043
11660
3633
8614
10896
23460
25568
15349
22470
29910
30223
11092
23078
13692
12549
1787
6104
10164
183
11291
22040
9558
6891
28529
29823
13865
13469
3354
28036
7766
9890
19113
16450
12572
17803
32631
10108
15302
28876
30522
16862
7386
7454
25305
3973
23444
24097
19327
26818
21394
13126
15343
21019
18641
7148
5143
20883
30680
14025
15079
10540
30259
28812
8803
6825
30499
1472
20983
6296
18580
23540
27403
2192
7247
30233
23512
31416
29041
2091
13434
31368
12828
28180
21062
23764
22892
2509
21853
12038
13741
19654
5249
11179
6859
28808
808
22577
6409
8857
15823
12270
3062
10143
12433
101
5534
14793
3064
23237
23037
9835
31763
16051
3769
28392
21961
25161
13072
28885
11884
15199
1038
22875
4498
11785
260
26589
18720
1120
5175
17371
27559
4998
13269
27159
9460
12772
3885
29942
27874
25270
7198
17448
8307
23242
6352
18315
12575
17028
21923
29005
24172
22822
23397
4946
11711
23886
16840
11221
5234
24257
18963
25937
2086
23910
4631
19874
26971
22934
29541
2151
31806
14739
25278
172
25537
10325
25547
24006
21233
20877
25870
16253
26757
7908
6169
1393
26802
23171
6654
9654
18759
23257
6
22210
17397
7064
7334
4233
25326
26625
4270
10470
15283
31330
31940
3901
19494
13533
26385
27487
11751
22378
10554
9133
5085
22303
31378
3713
17939
15024
27278
21193
4038
8242
24441
15349
21436
20516
28008
1300
15063
431
6513
24377
12521
13357
23832
14116
9162
16873
32266
32286
14504
4133
3598
31269
27551
98
10040
24905
19849
1755
14431
17494
21528
2643
30162
3251
28706
28944
16967
4490
24123
32552
9236
2089
25993
27131
6818
21417
30932
17665
26654
30669
28125
11206
9073
13100
16113
19762
9843
1171
2749
15374
11355
8101
18020
10436
13435
5316
21967
26726
32042
12341
32325
27890
11009
21630
26427
4821
28746
21523
7533
26541
18613
3634
19501
20051
7501
21260
8443
9241
25771
21285
3415
19280
4969
7677
23251
16142
28890
29680
17772
5166
9208
28507
4122
2967
3230
18688
18342
6594
15608
15276
10172
1910
10039
19223
22081
4054
21385
29195
26854
8094
12872
31688
26878
6570
24177
3240
18829
17592
25689
7679
929
18030
24731
28997
19685
20383
2901
15991
7283
24010
916
8634
29162
13795
28428
3138
4800
31830
16909
15474
12762
3658
17330
324
13658
34
8796
19692
3769
25930
11358
23224
22805
17712
250
27707
12748
24976
19853
25002
32585
12789
27398
12678
6686
14461
28572
891
3155
5084
2241
29321
23294
29347
12625
14945
3604
19395
6160
21522
27263
76
19027
17892
4721
19067
30461
10884
32759
7668
23981
13154
3537
23884
15926
10840
641
2250
23632
13964
20898
19055
27533
26775
1915
819
30606
20967
4820
15762
7286
11105
24840
10567
9119
20299
92
1112
22668
2666
15503
5458
10783
2151
27059
6870
27660
24440
20795
21588
19598
32572
30036
2071
21081
1766
7801
10882
30415
18077
26433
2713
12406
28707
14972
10179
426
15029
30591
5325
24463
32307
12476
3123
1354
2433
14486
6555
1905
14381
28787
31907
15295
2898
3602
10460
18701
18876
19231
1814
29565
27468
13060
23519
30969
21406
771
30534
4572
8170
20609
4581
27118
3112
27045
31518
9622
13176
9250
31908
18251
12224
3665
5949
2380
23703
13955
31943
32657
16738
31893
27513
5633
26300
8645
20076
16101
6940
2755
18266
26013
27313
26636
1445
31121
20113
14451
3739
9579
22291
23040
23288
1668
21881
7422
28076
30875
18643
3408
18399
18893
4640
26116
24115
27329
13237
25387
29513
28452
8163
26087
31622
29269
23252
7877
28183
13409
29622
12877
10034
817
6427
3032
16287
17410
19616
21154
32120
12566
31181
13600
16941
8105
29757
32404
6602
25127
8447
10974
20349
6812
20283
27797
11091
4460
1049
22870
15682
25668
15838
12380
22892
8528
29273
28497
10658
8879
19581
10596
30759
15908
27983
21660
6071
7438
13315
364
3272
20634
20833
12423
23568
30263
10862
15093
8775
74
20041
103
22830
30499
851
20424
28112
17968
12178
15892
3080
26993
8280
24429
17219
3884
29983
5740
26759
482
12728
28085
22965
28289
15269
12238
1547
23259
18115
12593
24556
24663
29996
159
7140
32487
11867
29112
24807
7226
29073
13769
19929
818
10104
30437
30804
30616
14086
10551
18597
12815
24997
1686
22295
22598
10897
26714
11893
17778
19841
29550
6090
14076
2185
19111
21355
12662
15679
15188
25399
12756
11549
6167
18974
32473
21798
13811
25824
11983
11468
16293
16407
13691
19474
21304
3960
3664
15598
7636
10838
22243
31729
27095
12647
28063
27689
21286
16843
26810
16967
5574
22858
31079
11005
10918
20446
3918
12458
9919
2673
20537
9273
4191
19175
14352
3398
7874
16735
29959
25987
6115
17078
21526
9051
16529
18509
20906
22485
4805
7437
8858
25530
11827
23464
18780
2042
14111
8737
2937
21836
6002
7822
23358
16149
22029
22813
2484
21899
30813
24405
21715
27418
8752
13470
9715
10503
26567
11268
5251
22355
1580
3896
253
23522
30150
14039
23577
13532
2858
30703
28226
29268
6708
2752
13126
29479
20311
20159
7761
26919
13105
4065
23068
26745
3170
12565
22882
1596
5023
24594
19348
19051
11778
13908
18893
30981
8612
27489
20488
30315
30830
31825
22161
19209
1324
27789
8121
2616
16099
983
3534
8291
26213
11659
5450
19561
10786
23844
8011
18499
15425
7169
28739
25831
3824
9322
26353
7532
11000
11726
10128
25966
21652
20046
1870
14004
29315
5504
19455
8720
27484
17516
5139
26503
27938
18139
31429
22962
21272
20946
19606
4196
7638
19289
24570
11918
12701
24448
26193
16223
20200
26276
18712
28335
31043
239
26465
8349
16480
2846
18304
11383
8040
20615
4360
16091
26255
7770
25334
10012
25323
7207
23083
5095
14470
3488
23584
807
8882
24993
31189
26917
3740
12909
32522
21236
17444
6971
434
2060
4332
1777
1445
28469
10671
23599
2197
15015
13781
10895
2627
8047
14660
15659
25842
7188
20600
13920
2588
4731
29398
6354
30565
14600
12093
25008
30669
9990
5855
6202
1321
73
19023
30336
24020
1041
23770
3948
8866
818
539
5634
4373
370
14794
10727
11732
1587
28117
19744
29528
24658
14002
26397
22761
24910
14835
30966
17865
21421
22299
26356
17583
12443
5808
31571
2934
22741
3985
1606
11031
21701
13962
16188
31701
24558
19494
19298
6583
17291
23748
3433
1339
17523
1773
8841
15433
10304
31717
12486
24422
5552
28288
27250
14122
21580
25655
27379
11764
12103
7291
20678
4572
32680
586
14532
13033
8620
23551
32420
12677
22885
11630
26306
4397
27304
48
5406
25453
26662
1596
30120
7948
32217
19127
31163
30596
15010
25870
20199
18612
7472
25153
29427
27353
26659
22658
18722
699
369
22782
5302
8740
24841
13307
31923
19606
21175
17187
31973
13373
3912
11807
26660
17187
28910
23912
24535
17571
18150
3930
25783
17184
3159
17291
25814
28151
1662
28762
27359
7089
3592
14027
21151
15486
1983
2194
9924
20703
20585
29805
3045
14498
8173
3255
23747
28179
10168
7227
23503
369
28767
7494
7660
26783
14982
9984
4725
30492
26368
17659
19586
4661
10808
27917
29031
30073
3791
1883
28798
7022
2950
15543
26663
7810
12383
32556
23564
9796
12031
214
8362
13524
16983
3319
8205
26776
14723
30536
23514
1585
10738
5517
20627
24238
3272
30572
7703
26111
19328
20607
6504
3500
32726
18600
11185
14279
27364
9893
8840
22047
26507
2276
21872
2486
23572
8344
17570
22133
28439
8972
5389
16159
924
25911
3483
23940
16513
21906
31158
19191
10012
18470
5387
27905
32032
18665
25741
31319
3525
26698
8381
19466
1571
13835
5417
20222
28895
24143
6451
10653
5386
7412
1556
27084
15430
31522
20001
20254
9259
2852
6476
1352
7913
5751
2797
25302
10030
29217
5315
28
27466
27972
31541
14958
5009
3571
28382
30612
18432
4164
24393
15736
14628
23463
27385
29218
12344
25206
4269
22502
27278
8141
1506
6620
17456
10139
22168
31889
30150
31993
12889
1788
27066
8891
2680
14260
27803
6725
26007
6752
15551
17569
3179
20846
15661
22990
29636
26632
20409
27226
1991
67
6769
7987
15486
12698
15416
11194
1940
11164
13489
9753
10073
28897
863
14806
23308
15938
16906
26793
28762
29257
15972
19851
18978
2279
22252
5648
17531
32613
7955
9718
6648
13469
3741
6398
11819
6506
16459
5882
24935
17757
951
11816
20938
17330
18047
10174
11643
11394
6309
2758
31281
24122
20534
16684
30197
27467
4138
4886
29992
4131
13964
27763
25031
17757
30171
8407
16366
16948
7599
8582
23451
830
22175
22991
949
10583
21859
9627
30285
17626
18742
5701
25123
24856
2430
31148
8556
25602
18095
22407
4562
5673
17005
22777
11709
26345
21233
20070
19153
16608
13741
18308
8632
677
30003
29109
801
28599
26195
12436
24072
11700
131
9421
31544
8652
5509
5427
4623
17012
11331
28172
6786
12639
766
19119
96
12714
31911
15698
7131
20055
32141
18717
4932
17660
31545
17027
2582
2236
17302
2513
16694
29047
16214
21511
3193
27454
13200
30184
16743
14858
18094
25933
831
9645
19590
25790
4155
8712
7623
3395
29716
18303
32407
10872
17353
12202
22650
7392
18077
2637
19318
13947
12382
32395
23157
17819
20717
11350
14058
16883
23803
25130
28599
20465
13329
23291
1871
3662
18387
6252
13591
25059
2181
11585
22035
13246
31438
3095
20670
21877
23228
11858
28729
32698
28681
10072
31400
7984
30621
30717
1754
25469
18003
13885
21800
17569
2304
23857
12191
29318
17842
22844
5473
25303
565
9350
13640
28950
13276
1963
31693
17641
23677
21172
14376
29365
30910
8774
7353
2670
9103
1305
7847
2222
4856
5548
30919
24068
21013
23607
21951
142
23647
3298
25963
15306
32300
30260
24959
12969
7802
13262
17774
18405
21992
31065
15755
24725
30469
2493
4462
13567
27597
11923
3482
9133
3185
17374
12381
15043
21335
11253
7671
27535
4706
16324
8190
7266
3443
3892
13312
3230
7728
1512
28011
16145
17668
18474
11946
24193
19302
23589
32145
20616
23391
29524
30459
27299
12358
26682
9649
32133
17615
17492
16526
10929
8772
25164
5089
14407
13585
111
6675
22302
19078
22369
1930
3860
7129
2319
19916
17826
2666
31718
23016
4788
29003
30275
4626
22455
12288
3626
22157
19699
21123
16698
2510
31003
31372
18656
25566
18210
28174
32460
5376
11857
28421
26017
31636
8343
16495
10737
28987
13088
31896
12136
29500
13608
8347
32327
10790
10514
28966
9492
5303
21428
7293
25232
23037
22006
15810
11242
1723
1179
9587
25394
14862
29278
2868
21008
1360
24641
3279
15542
829
2082
7801
8467
27220
30095
20567
30282
7808
24795
3392
98
1528
16497
14021
3135
9572
1129
17006
10193
18241
12377
15431
10891
12934
18286
21147
8727
13448
16059
20224
30536
539
27088
8339
24400
13306
5519
23429
27955
25193
17723
20951
22395
9240
17874
10593
17966
29771
2973
4889
15613
17464
3589
1938
30142
15280
5544
11459
16156
27906
12460
18698
13197
29
16723
26481
23685
6388
23248
4399
5610
32039
24666
16498
17863
15583
6782
28763
15428
25337
14009
28234
20438
28776
25926
20573
2483
9940
2357
13619
30345
26247
11965
12534
28527
9098
15315
2968
28444
13835
3835
13404
18262
2562
95
3737
19118
29205
31006
31675
15979
8632
5350
18058
10436
4760
453
21423
20306
22842
4668
15219
31172
11487
13718
12491
19669
9900
19063
22930
20859
31751
32696
31765
31841
14404
14194
9684
18840
14721
8281
12167
16522
29902
31052
16992
29743
17810
13098
17040
21379
19498
25830
17164
24119
8146
17886
26257
4518
22473
8808
20965
8716
12208
32430
4961
21490
19251
23485
9132
2541
23788
21208
25545
23176
13444
31506
15444
17023
30748
19740
16904
18222
3307
31067
901
7496
29480
25661
25680
10188
6442
15566
10524
25397
27086
24966
6472
4338
6681
1893
22952
14101
31262
22339
25736
18511
19746
30049
17134
2076
27903
10051
27424
32571
15558
3010
26726
5217
11944
6493
12305
7470
24855
22224
18364
31584
5928
488
8402
6727
4156
6293
19793
24697
735
30785
29133
27078
16112
1888
6327
7534
15107
7496
19167
29842
4355
7235
4408
1257
11804
29155
17371
9140
14807
29078
19023
13556
30855
15738
12552
31450
11493
12659
14381
31103
15607
1146
16287
17109
7734
5176
13366
16094
19695
3795
25166
17435
21226
28424
20866
5192
8522
32378
3511
4422
16820
21065
349
15961
8883
30183
17649
24979
859
14375
1990
22928
16941
20119
30214
31588
4923
17168
16371
3282
24973
24459
9843
11967
24514
3126
12492
19429
3066
21448
28588
24524
10996
529
29036
10742
32372
4309
19349
8538
15080
22234
23972
15381
74
11584
12554
24411
23112
32529
6775
2995
2979
30489
88
6500
10453
16376
27295
6442
17910
2677
16322
11566
15328
19989
21254
28213
18578
30701
10237
12568
3794
31668
3917
16500
14615
31516
180
24226
17317
30562
22089
9194
12794
16676
19717
3315
13161
6772
28289
19838
31493
16170
18433
15188
20160
18302
4786
25981
4564
6358
12592
11187
20066
22748
9803
27159
601
5844
26891
3362
13210
7981
14834
8669
3930
11605
23936
13909
6343
28626
24573
7753
10990
4751
18034
28711
20956
17267
20729
20023
16131
25912
12854
20501
23776
25723
24614
8292
17883
25359
25111
8897
8815
11671
16376
13814
12938
12116
30419
26224
1591
22587
5784
9460
10618
10571
27932
21901
18299
23325
25185
19145
2279
21181
27160
292
12692
22712
11876
11973
16740
18038
22497
31592
7275
7626
5861
29852
32340
16072
20998
4654
15616
12247
7644
24293
7793
11271
25096
6511
17895
27556
20340
24988
31816
23307
3037
17866
22469
13244
13967
17569
1723
11185
10864
5888
16855
12014
8512
22070
10622
22362
7199
21110
4716
5837
13648
11653
1435
18282
16188
3510
30566
5679
21690
32024
31214
31690
16013
18670
28349
14254
21038
30047
31657
359
11725
6511
18171
25642
30098
14126
16081
30897
30248
25647
28609
28998
20604
22076
11967
11293
4802
10312
6721
16358
25274
27557
13985
13987
7473
22904
10690
27319
3786
14441
23030
14912
10750
19103
29727
1191
24162
22507
7445
9846
29992
10307
21064
26473
5865
627
15783
3783
24226
783
192
4594
7676
24492
15144
4413
14032
27215
20509
5887
11754
26918
12138
19686
23309
5750
9611
7053
23096
23765
30482
26704
8744
9113
19273
25951
25630
16272
10777
10257
6370
23538
4394
31099
24328
28563
25676
5442
3698
4701
15638
19117
9494
18174
24012
13310
28929
3294
19334
30723
7068
20052
21391
18920
31279
32537
12
6991
18339
32509
16350
13474
11148
5336
17865
10152
12903
5572
25301
20567
6943
3209
24564
22506
7639
30041
6886
28211
4067
25022
27226
11569
2327
